3 0.1015625 0.03128491620111732 0.203125 0.06256983240223464
13 0.103125 0.1564245810055866 0.20625 0.16983240223463686
7 0.05234375 0.2865921787709497 0.1046875 0.07932960893854749
6 0.040625 0.3536312849162011 0.08125 0.05027932960893855
10 0.35078125 0.38324022346368714 0.2984375 0.25251396648044694
5 0.371875 0.10949720670391061 0.25625 0.21899441340782122
8 0.60703125 0.3078212290502793 0.2140625 0.05251396648044693
9 0.615625 0.35083798882681566 0.23125 0.03798882681564246
12 0.6171875 0.4435754189944134 0.234375 0.1318435754189944
4 0.875 0.12793296089385475 0.25 0.18435754189944134
1 0.87109375 0.30335195530726256 0.2578125 0.16201117318435754
11 0.60625 0.1569832402234637 0.2125 0.264804469273743
11 0.6 0.1458100558659218 0.2 0.2536312849162011