12 0.746875 0.10513005780346821 0.41875 0.15823699421965318
8 0.1796875 0.054190751445086706 0.271875 0.06936416184971098
9 0.1984375 0.11921965317919075 0.30625 0.06069364161849711
3 0.203125 0.37897398843930635 0.3625 0.13367052023121387
13 0.2046875 0.539378612716763 0.365625 0.16979768786127167
7 0.15390625 0.6705202312138728 0.2671875 0.07947976878612717
6 0.1421875 0.7373554913294798 0.240625 0.04985549132947977
10 0.6703125 0.7915462427745664 0.575 0.3027456647398844
5 0.69609375 0.4916907514450867 0.5421875 0.2218208092485549
4 0.6859375 0.28829479768786126 0.546875 0.14017341040462428
11 0.1734375 0.22109826589595374 0.278125 0.12716763005780346