12 0.746875 0.10502793296089385 0.41875 0.15865921787709497
8 0.1796875 0.05418994413407821 0.271875 0.06927374301675977
9 0.1984375 0.11899441340782123 0.30625 0.060335195530726256
3 0.203125 0.3793296089385475 0.3640625 0.1340782122905028
13 0.2046875 0.5396648044692738 0.365625 0.16983240223463686
7 0.15390625 0.6703910614525139 0.2671875 0.08044692737430167
6 0.1421875 0.7374301675977654 0.2421875 0.05027932960893855
10 0.6703125 0.7916201117318435 0.575 0.3027932960893855
5 0.69609375 0.49162011173184356 0.5421875 0.2223463687150838
4 0.6859375 0.288268156424581 0.546875 0.13966480446927373
11 0.1734375 0.2212290502793296 0.278125 0.12737430167597766