3 0.1546875 0.06256983240223464 0.309375 0.12513966480446928
13 0.15625 0.21899441340782122 0.3125 0.16983240223463686
7 0.10546875 0.34916201117318435 0.2109375 0.07932960893854749
6 0.09375 0.41620111731843573 0.1875 0.05027932960893855
10 0.45859375 0.45977653631284915 0.3015625 0.28044692737430166
5 0.4796875 0.17039106145251395 0.259375 0.2223463687150838
5 0.8046875 0.1793296089385475 0.390625 0.358659217877095
4 0.8046875 0.48379888268156424 0.390625 0.2324022346368715
4 0.2171875 0.6385474860335195 0.41875 0.07709497206703911
5 0.29296875 0.8731843575418995 0.5640625 0.2536312849162011
8 0.6359375 0.6189944134078212 0.053125 0.03128491620111732
5 0.8046875 0.8932960893854749 0.390625 0.21340782122905028
9 0.75546875 0.6189944134078212 0.16875 0.035754189944134075