13 0.33046875 0.13631284916201117 0.0984375 0.23016759776536314
5 0.1015625 0.11731843575418995 0.203125 0.2346368715083799
12 0.71328125 0.04357541899441341 0.5734375 0.08715083798882682
13 0.7140625 0.13743016759776536 0.571875 0.09385474860335195
5 0.7125 0.2541899441340782 0.575 0.13072625698324022
5 0.18984375 0.7178770949720671 0.3796875 0.3206703910614525
8 0.05546875 0.36312849162011174 0.1109375 0.03128491620111732
4 0.18984375 0.9385474860335196 0.3796875 0.10279329608938548
3 0.18984375 0.44581005586592176 0.3796875 0.05810055865921788
12 0.18984375 0.5251396648044693 0.3796875 0.060335195530726256
9 0.09140625 0.4005586592178771 0.1828125 0.01899441340782123