5 0.16484375 0.07709497206703911 0.3296875 0.13631284916201117
4 0.21953125 0.18268156424581006 0.4390625 0.07039106145251396
5 0.2796875 0.3675977653631285 0.559375 0.2748603351955307
13 0.2359375 0.5849162011173185 0.471875 0.10614525139664804
8 0.7796875 0.14078212290502792 0.440625 0.0223463687150838
3 0.7796875 0.21731843575418994 0.440625 0.13519553072625698
12 0.7796875 0.3463687150837989 0.440625 0.09608938547486033
4 0.6390625 0.43854748603351956 0.159375 0.0659217877094972
5 0.7796875 0.5279329608938548 0.440625 0.09720670391061452
13 0.7796875 0.6463687150837989 0.440625 0.10614525139664804
12 0.2796875 0.7217877094972067 0.559375 0.0446927374301676
5 0.2796875 0.8307262569832402 0.559375 0.1329608938547486
4 0.2796875 0.9575418994413408 0.559375 0.08491620111731843