8 0.2421875 0.3039106145251397 0.4234375 0.03240223463687151
4 0.6734375 0.18435754189944134 0.4234375 0.29832402234636873
5 0.665625 0.464804469273743 0.409375 0.2435754189944134
10 0.66953125 0.7324022346368715 0.4265625 0.28044692737430166
2 0.671875 0.9273743016759777 0.41875 0.11843575418994413
12 0.23046875 0.4541899441340782 0.3203125 0.08826815642458101
3 0.19453125 0.535754189944134 0.25625 0.07150837988826815
7 0.18125 0.6111731843575419 0.2359375 0.07150837988826815
13 0.2375 0.7603351955307263 0.3421875 0.2245810055865922
6 0.1609375 0.9167597765363128 0.2109375 0.07150837988826815
9 0.240625 0.3463687150837989 0.3328125 0.021229050279329607
11 0.24296875 0.16201117318435754 0.353125 0.25251396648044694