8 0.301010101010101 0.05460385438972163 0.23030303030303031 0.023554603854389723
3 0.7343434343434343 0.06852248394004283 0.4 0.06423982869379015
5 0.7292929292929293 0.3715203426124197 0.43434343434343436 0.43897216274089934
12 0.13080808080808082 0.20092790863668808 0.16464646464646465 0.10349750178443969
4 0.25404040404040407 0.4675231977159172 0.4131313131313131 0.3997144896502498
13 0.25404040404040407 0.8029978586723768 0.41919191919191917 0.22555317630264096
13 0.7146464646464646 0.6581013561741613 0.39090909090909093 0.07566024268379729
7 0.7363636363636363 0.7751605995717344 0.4404040404040404 0.11277658815132048
6 0.5944444444444444 0.892933618843683 0.16464646464646465 0.10421127765881513
9 0.34393939393939393 0.08315488936473947 0.3282828282828283 0.044967880085653104
11 0.10606060606060606 0.0728051391862955 0.10909090909090909 0.08422555317630265