5 0.43125 0.11787709497206704 0.296875 0.23575418994413408
4 0.115625 0.1558659217877095 0.23125 0.311731843575419
13 0.1171875 0.4474860335195531 0.234375 0.2245810055865922
13 0.43515625 0.30223463687150837 0.2890625 0.07486033519553073
7 0.43359375 0.4195530726256983 0.2921875 0.11284916201117319
6 0.36640625 0.5223463687150838 0.1640625 0.07486033519553073
5 0.9203125 0.18044692737430168 0.159375 0.31843575418994413
1 0.921875 0.41620111731843573 0.15625 0.061452513966480445
12 0.2703125 0.5793296089385475 0.540625 0.03910614525139665
5 0.278125 0.8078212290502793 0.55625 0.3843575418994413
0 0.78984375 0.8698324022346369 0.4203125 0.12849162011173185
3 0.675 0.6201117318435754 0.190625 0.060335195530726256