12 0.6593137254901961 0.08674242424242425 0.65 0.1053030303030303
3 0.7264705882352941 0.18674242424242424 0.5333333333333333 0.0856060606060606
8 0.2235294117647059 0.1693181818181818 0.4470588235294118 0.0446969696969697
10 0.24166666666666667 0.3875 0.48333333333333334 0.271969696969697
13 0.2142156862745098 0.656060606060606 0.4284313725490196 0.23030303030303031
5 0.2563725490196078 0.8776515151515152 0.5127450980392156 0.18712121212121213
4 0.7965686274509803 0.3299242424242424 0.40490196078431373 0.1643939393939394
13 0.7799019607843137 0.4893939393939394 0.29705882352941176 0.11212121212121212
7 0.7926470588235294 0.6128787878787879 0.31666666666666665 0.11666666666666667
6 0.8401960784313726 0.8799242424242424 0.3176470588235294 0.16590909090909092
11 0.1642156862745098 0.08106060606060606 0.24803921568627452 0.13484848484848486
9 0.2299019607843137 0.21931818181818183 0.3892156862745098 0.0446969696969697