8 0.178125 0.016201117318435754 0.2671875 0.026815642458100558
9 0.19765625 0.04078212290502793 0.2921875 0.01899441340782123
3 0.30703125 0.0893854748603352 0.54375 0.07374301675977654
5 0.31171875 0.3547486033519553 0.5390625 0.46368715083798884
4 0.80703125 0.2541899441340782 0.365625 0.2223463687150838
13 0.8109375 0.5525139664804469 0.36875 0.35307262569832404
7 0.7109375 0.8011173184357542 0.190625 0.11284916201117319
6 0.7796875 0.911731843575419 0.3140625 0.09497206703910614
10 0.3140625 0.7 0.5515625 0.2424581005586592
1 0.30078125 0.9033519553072625 0.5109375 0.15754189944134078
11 0.9203125 0.05921787709497207 0.1328125 0.11731843575418995