8 0.671875 0.026815642458100558 0.2265625 0.01899441340782123
12 0.68125 0.11843575418994413 0.5390625 0.1418994413407821
5 0.67578125 0.38994413407821227 0.6 0.39217877094972065
4 0.67109375 0.6899441340782123 0.5828125 0.18994413407821228
13 0.603125 0.8782122905027933 0.4609375 0.16312849162011173
12 0.1875 0.24916201117318434 0.2796875 0.18100558659217877
3 0.19296875 0.4430167597765363 0.278125 0.1776536312849162
7 0.12578125 0.5664804469273743 0.14375 0.05139664804469274
13 0.19609375 0.6480446927374302 0.2953125 0.09385474860335195
6 0.1015625 0.7502793296089385 0.1015625 0.09944134078212291
1 0.20078125 0.8625698324022346 0.290625 0.11955307262569832
11 0.14140625 0.08156424581005586 0.196875 0.13519553072625698