8 0.6336696090794451 0.052983081032947466 0.6469104665825978 0.04363312555654497
9 0.519546027742749 0.11041852181656278 0.4337957124842371 0.04808548530721282
5 0.6084489281210592 0.3437221727515583 0.755359394703657 0.377560106856634
10 0.6160151324085751 0.7235084594835263 0.7654476670870114 0.383793410507569
13 0.4255989911727617 0.9541406945681211 0.38461538461538464 0.0792520035618878
13 0.8316519546027743 0.9523597506678539 0.15510718789407313 0.07212822796081923
6 0.9495586380832283 0.9545859305431879 0.09331651954602774 0.07836153161175423
12 0.11664564943253468 0.27604630454140694 0.223203026481715 0.21549421193232413
4 0.11727616645649433 0.5930543187889582 0.22950819672131148 0.41139804096170973
3 0.11538461538461539 0.9016028495102404 0.22824716267339218 0.17186108637577915
11 0.12421185372005045 0.08147818343722173 0.19293820933165196 0.13802315227070347