8 0.63359375 0.05307262569832402 0.646875 0.04357541899441341
9 0.51953125 0.1100558659217877 0.434375 0.04692737430167598
5 0.60859375 0.3435754189944134 0.75625 0.3776536312849162
10 0.615625 0.723463687150838 0.765625 0.3843575418994413
13 0.42578125 0.9541899441340782 0.384375 0.07932960893854749
1 0.69609375 0.9430167597765363 0.15625 0.05698324022346369
13 0.83125 0.952513966480447 0.1546875 0.07262569832402235
6 0.94921875 0.9547486033519553 0.09375 0.0782122905027933
12 0.1171875 0.2759776536312849 0.2234375 0.21564245810055865
4 0.1171875 0.5927374301675977 0.2296875 0.4111731843575419
3 0.115625 0.9016759776536313 0.228125 0.17206703910614526
11 0.12421875 0.08156424581005586 0.19375 0.13854748603351955