8 0.65 0.031843575418994415 0.56875 0.034636871508379886
4 0.59921875 0.1424581005586592 0.5125 0.16759776536312848
5 0.6671875 0.45251396648044695 0.6359375 0.45027932960893857
10 0.66640625 0.8402234636871508 0.65 0.31843575418994413
3 0.18984375 0.3005586592178771 0.2921875 0.18547486033519553
13 0.18515625 0.5290502793296089 0.2921875 0.2681564245810056
7 0.13984375 0.7061452513966481 0.2046875 0.0893854748603352
6 0.1515625 0.776536312849162 0.240625 0.0659217877094972
2 0.18125 0.8553072625698324 0.2828125 0.08044692737430167
1 0.16328125 0.9413407821229051 0.240625 0.10502793296089385
11 0.1640625 0.10223463687150838 0.2265625 0.17988826815642459