3 0.21484375 0.08044692737430167 0.4296875 0.035754189944134075
5 0.2296875 0.18659217877094972 0.4 0.16983240223463686
10 0.23203125 0.29608938547486036 0.3953125 0.04692737430167598
9 0.21484375 0.022905027932960894 0.4296875 0.04581005586592179
9 0.18125 0.32849162011173183 0.3625 0.017877094972067038
3 0.21484375 0.3564245810055866 0.4296875 0.049162011173184354
4 0.21484375 0.46033519553072627 0.4296875 0.15865921787709497
5 0.21484375 0.7737430167597765 0.4296875 0.45251396648044695
12 0.853125 0.3424581005586592 0.29375 0.04581005586592179
4 0.85234375 0.5396648044692738 0.2953125 0.30837988826815643
5 0.85390625 0.8620111731843575 0.2921875 0.2759776536312849
3 0.5296875 0.4798882681564246 0.1953125 0.18212290502793296
13 0.53671875 0.7083798882681565 0.2109375 0.22346368715083798
13 0.5359375 0.9189944134078212 0.2125 0.16201117318435754