8 0.5052935514918191 0.1493103448275862 0.34648700673724736 0.025517241379310347
9 0.5110683349374399 0.17379310344827587 0.39846005774783444 0.01793103448275862
12 0.7993262752646776 0.3041379310344828 0.2531280076997113 0.21517241379310345
7 0.7584215591915303 0.4920689655172414 0.1751684311838306 0.13034482758620689
3 0.7964388835418672 0.7320689655172414 0.24157844080846969 0.28620689655172415
5 0.5110683349374399 0.5351724137931034 0.2906641000962464 0.6744827586206896
12 0.2006737247353224 0.24 0.24735322425409048 0.08827586206896551
3 0.21414821944177093 0.3620689655172414 0.2666025024061598 0.11586206896551725
4 0.20837343599615016 0.5558620689655173 0.2646775745909528 0.1986206896551724
13 0.21944177093359 0.7444827586206897 0.27718960538979787 0.12620689655172415
3 0.5235803657362849 0.9010344827586206 0.8931665062560153 0.07241379310344828
11 0.4913378248315688 0.08275862068965517 0.1472569778633301 0.09655172413793103