8 0.159375 0.2631284916201117 0.2515625 0.07486033519553073
12 0.19609375 0.4441340782122905 0.3125 0.13854748603351955
13 0.1953125 0.5854748603351956 0.3125 0.1418994413407821
7 0.15078125 0.7156424581005587 0.2296875 0.1005586592178771
2 0.16328125 0.8122905027932961 0.2484375 0.0659217877094972
3 0.15390625 0.8994413407821229 0.240625 0.09050279329608939
5 0.7109375 0.1418994413407821 0.5546875 0.2122905027932961
10 0.71015625 0.42178770949720673 0.5765625 0.2994413407821229
4 0.71484375 0.8212290502793296 0.54375 0.34301675977653634
9 0.15078125 0.3206703910614525 0.234375 0.03240223463687151
11 0.15390625 0.13631284916201117 0.1875 0.13072625698324022