3 0.2359375 0.01564245810055866 0.471875 0.03128491620111732
13 0.3875 0.11564245810055866 0.3625 0.15307262569832403
13 0.39375 0.29553072625698323 0.35 0.17318435754189945
1 0.38828125 0.46033519553072627 0.3609375 0.13631284916201117
4 0.05859375 0.11620111731843576 0.1171875 0.15195530726256984
10 0.0796875 0.32905027932960895 0.159375 0.23798882681564246
5 0.08515625 0.5988826815642458 0.1703125 0.28156424581005585
7 0.3890625 0.5983240223463687 0.359375 0.09720670391061452
6 0.29921875 0.6849162011173184 0.1765625 0.055865921787709494
8 0.70078125 0.012290502793296089 0.2640625 0.024581005586592177
3 0.74765625 0.049162011173184354 0.3578125 0.02905027932960894
12 0.784375 0.1424581005586592 0.43125 0.10391061452513967
5 0.784375 0.3318435754189944 0.43125 0.21452513966480447
4 0.77890625 0.5631284916201117 0.4203125 0.17653631284916202
7 0.7625 0.7279329608938547 0.3875 0.02346368715083799
13 0.284375 0.7564245810055866 0.56875 0.0335195530726257
12 0.284375 0.853072625698324 0.56875 0.04357541899441341
4 0.284375 0.964245810055866 0.56875 0.07150837988826815