4 0.303125 0.06759776536312849 0.3125 0.13519553072625698
5 0.30859375 0.3614525139664804 0.3015625 0.41675977653631285
9 0.06796875 0.13854748603351955 0.1359375 0.12737430167597766
3 0.07265625 0.3335195530726257 0.1453125 0.20446927374301677
13 0.0625 0.5072625698324023 0.125 0.12513966480446928
8 0.66171875 0.008938547486033519 0.2515625 0.017877094972067038
3 0.6453125 0.09553072625698324 0.371875 0.10391061452513967
7 0.6265625 0.16983240223463686 0.334375 0.024581005586592177
4 0.7296875 0.25251396648044694 0.540625 0.10726256983240223
13 0.7171875 0.4452513966480447 0.515625 0.22905027932960895
5 0.3828125 0.7849162011173184 0.153125 0.4301675977653631
13 0.16953125 0.7402234636871509 0.2109375 0.32625698324022345
0 0.22109375 0.9631284916201117 0.1015625 0.07374301675977654
3 0.50703125 0.7324022346368715 0.0953125 0.07709497206703911
4 0.6609375 0.9413407821229051 0.403125 0.11731843575418995
9 0.7140625 0.8452513966480447 0.3453125 0.024581005586592177
11 0.97421875 0.6988826815642458 0.0515625 0.17988826815642459