8 0.521875 0.05698324022346369 0.428125 0.035754189944134075
12 0.2609375 0.264804469273743 0.4484375 0.12625698324022347
3 0.5 0.1782122905027933 0.984375 0.03687150837988827
4 0.27734375 0.45083798882681564 0.4890625 0.22793296089385476
5 0.28125 0.7837988826815643 0.5 0.4301675977653631
5 0.76875 0.2837988826815642 0.4609375 0.16983240223463686
10 0.76796875 0.43798882681564244 0.4515625 0.13519553072625698
13 0.7625 0.5698324022346368 0.4484375 0.11843575418994413
1 0.68828125 0.6888268156424581 0.2984375 0.11731843575418995
7 0.64140625 0.7798882681564245 0.1984375 0.05810055865921788
2 0.7453125 0.8743016759776536 0.409375 0.1318435754189944
6 0.746875 0.9681564245810056 0.409375 0.05698324022346369
9 0.61171875 0.1100558659217877 0.709375 0.0659217877094972
11 0.14296875 0.08156424581005586 0.2 0.1340782122905028