8 0.10546875 0.03407821229050279 0.2109375 0.06815642458100558
12 0.1390625 0.2122905027932961 0.278125 0.13854748603351955
13 0.13828125 0.3536312849162011 0.2765625 0.1418994413407821
7 0.0953125 0.47150837988826816 0.190625 0.07597765363128492
10 0.5140625 0.18994413407821228 0.33125 0.2994413407821229
9 0.096875 0.0888268156424581 0.19375 0.03240223463687151
3 0.04375 0.6569832402234637 0.0875 0.1877094972067039
7 0.0703125 0.8396648044692737 0.140625 0.11731843575418995
13 0.05625 0.9597765363128492 0.1125 0.06927374301675977
5 0.44140625 0.5558659217877095 0.4765625 0.09273743016759776
4 0.4375 0.7921787709497207 0.484375 0.30837988826815643