8 0.5216952573158425 0.056623931623931624 0.42785065590312815 0.0349002849002849
12 0.26084762865792127 0.26495726495726496 0.44904137235116043 0.1267806267806268
3 0.5 0.17841880341880342 0.9838546922300706 0.03632478632478633
4 0.27749747729566093 0.45049857549857547 0.4883955600403633 0.2272079772079772
5 0.2815338042381433 0.7834757834757835 0.5005045408678103 0.4301994301994302
5 0.7684157416750756 0.28347578347578345 0.4611503531786075 0.16951566951566951
10 0.7679112008072654 0.43803418803418803 0.4520686175580222 0.13532763532763534
13 0.7623612512613521 0.5698005698005698 0.44702320887991925 0.11823361823361823
7 0.641271442986882 0.7802706552706553 0.1987891019172553 0.057692307692307696
6 0.7467204843592331 0.9683048433048433 0.40968718466195764 0.05626780626780627
9 0.612008072653885 0.11004273504273504 0.7093844601412714 0.06623931623931624
11 0.1432896064581231 0.0811965811965812 0.19979818365287588 0.1339031339031339