8 0.4475277497477296 0.04131054131054131 0.49747729566094856 0.029914529914529916
12 0.5625630676084763 0.10007122507122507 0.715438950554995 0.046296296296296294
3 0.4031281533804238 0.1841168091168091 0.7558022199798183 0.08048433048433049
13 0.7351160443995963 0.3087606837606838 0.43693239152371344 0.15313390313390313
13 0.7093844601412714 0.48896011396011396 0.3612512613521695 0.17307692307692307
4 0.2341069626639758 0.30947293447293445 0.3874873864783047 0.1517094017094017
10 0.25025227043390513 0.5227920227920227 0.4399596367305752 0.2378917378917379
5 0.2542885973763875 0.813034188034188 0.4520686175580222 0.3212250712250712
7 0.7305751765893037 0.792022792022792 0.42179616548940463 0.09686609686609686
6 0.6089808274470232 0.8782051282051282 0.17658930373360243 0.05555555555555555
9 0.5610494450050454 0.06623931623931624 0.7346115035317861 0.027065527065527065
11 0.1099899091826438 0.07086894586894586 0.13925327951564076 0.09615384615384616