8 0.44765625 0.041340782122905026 0.496875 0.030167597765363128
12 0.5625 0.1 0.715625 0.04692737430167598
3 0.403125 0.18435754189944134 0.75625 0.08156424581005586
13 0.73515625 0.3089385474860335 0.4375 0.15307262569832403
13 0.709375 0.4888268156424581 0.3625 0.17318435754189945
1 0.74140625 0.6536312849162011 0.4453125 0.13631284916201117
4 0.23359375 0.3094972067039106 0.3875 0.15195530726256984
10 0.25 0.5229050279329609 0.440625 0.23798882681564246
5 0.25390625 0.8128491620111732 0.4515625 0.3217877094972067
7 0.73046875 0.7921787709497207 0.421875 0.09720670391061452
6 0.60859375 0.8782122905027933 0.1765625 0.054748603351955305
9 0.5609375 0.0664804469273743 0.734375 0.026815642458100558
11 0.11015625 0.07094972067039106 0.1390625 0.09720670391061452