8 0.64765625 0.025139664804469275 0.5546875 0.035754189944134075
9 0.640625 0.06201117318435754 0.5359375 0.02011173184357542
4 0.6765625 0.188268156424581 0.63125 0.2223463687150838
5 0.67421875 0.5581005586592179 0.6265625 0.5128491620111731
10 0.675 0.8983240223463688 0.634375 0.1776536312849162
6 0.178125 0.9636871508379888 0.3375 0.05139664804469274
7 0.1765625 0.8843575418994414 0.334375 0.10614525139664804
1 0.17890625 0.7027932960893855 0.3421875 0.2581005586592179
13 0.1921875 0.4240223463687151 0.3234375 0.29497206703910617
3 0.15390625 0.21284916201117318 0.2703125 0.1340782122905028
11 0.171875 0.0776536312849162 0.203125 0.13631284916201117