8 0.4782828282828283 0.038105413105413107 0.201010101010101 0.0405982905982906
12 0.6818181818181818 0.07443019943019943 0.5898989898989899 0.0349002849002849
4 0.6828282828282828 0.1762820512820513 0.602020202020202 0.16880341880341881
5 0.6833333333333333 0.43554131054131057 0.6151515151515151 0.3383190883190883
10 0.6818181818181818 0.7414529914529915 0.6242424242424243 0.2720797720797721
7 0.2 0.688034188034188 0.24444444444444444 0.0754985754985755
6 0.16464646464646465 0.9237891737891738 0.1717171717171717 0.08404558404558404
13 0.21767676767676766 0.8062678062678063 0.2717171717171717 0.15527065527065528
13 0.21565656565656566 0.4512108262108262 0.3 0.38675213675213677
3 0.20707070707070707 0.2168803418803419 0.2808080808080808 0.08190883190883191
11 0.20656565656565656 0.09116809116809117 0.18484848484848485 0.17806267806267806