8 0.478125 0.03798882681564246 0.2015625 0.04022346368715084
12 0.68125 0.07430167597765364 0.590625 0.034636871508379886
4 0.6828125 0.17653631284916202 0.6015625 0.16983240223463686
5 0.68359375 0.435195530726257 0.615625 0.33854748603351953
10 0.68203125 0.741340782122905 0.625 0.27262569832402234
1 0.67734375 0.9391061452513967 0.6109375 0.12067039106145251
7 0.2 0.6882681564245811 0.2453125 0.07597765363128492
6 0.16484375 0.924022346368715 0.171875 0.08379888268156424
13 0.2171875 0.806145251396648 0.271875 0.1553072625698324
13 0.215625 0.45139664804469276 0.3 0.3877094972067039
3 0.20703125 0.21675977653631284 0.28125 0.08268156424581005
11 0.20703125 0.09106145251396648 0.1859375 0.1787709497206704