5 0.39609375 0.16815642458100558 0.2671875 0.33631284916201115
10 0.39453125 0.38994413407821227 0.2703125 0.11843575418994413
7 0.12265625 0.4011173184357542 0.2453125 0.09608938547486033
1 0.12578125 0.2240223463687151 0.2515625 0.2581005586592179
13 0.12734375 0.04636871508379888 0.2546875 0.09273743016759776
5 0.375 0.7430167597765364 0.309375 0.5139664804469274
13 0.09609375 0.5614525139664804 0.1921875 0.15307262569832403
13 0.1046875 0.746927374301676 0.209375 0.15977653631284916
10 0.10625 0.9256983240223464 0.2125 0.14860335195530727
12 0.67421875 0.517877094972067 0.2890625 0.13743016759776536
13 0.67421875 0.6715083798882682 0.2890625 0.1564245810055866
3 0.6671875 0.8011173184357542 0.275 0.1005586592178771