8 0.16796875 0.27206703910614527 0.275 0.08156424581005586
12 0.696875 0.07653631284916201 0.5359375 0.12402234636871508
5 0.70234375 0.27262569832402234 0.546875 0.26145251396648045
13 0.696875 0.4793296089385475 0.546875 0.13631284916201117
10 0.69140625 0.6312849162011173 0.540625 0.15307262569832403
4 0.69453125 0.806145251396648 0.546875 0.18212290502793296
2 0.68671875 0.952513966480447 0.53125 0.09273743016759776
9 0.2171875 0.3541899441340782 0.265625 0.04692737430167598
3 0.20546875 0.5223463687150838 0.371875 0.25139664804469275
4 0.1953125 0.7430167597765364 0.340625 0.18659217877094972
7 0.1265625 0.9055865921787709 0.1984375 0.1106145251396648
11 0.18203125 0.12346368715083798 0.271875 0.2100558659217877