8 0.1677175283732661 0.272078501338091 0.27490542244640603 0.08206958073148975
12 0.6967213114754098 0.0767172167707404 0.5359394703656999 0.12310437109723461
5 0.701765447667087 0.27252453166815344 0.5460277427490542 0.26137377341659235
13 0.6967213114754098 0.4790365744870651 0.5460277427490542 0.13559322033898305
10 0.6916771752837326 0.6311329170383586 0.5409836065573771 0.15254237288135594
4 0.6941992433795713 0.8064228367528992 0.5460277427490542 0.18198037466547726
9 0.21752837326607818 0.3541480820695807 0.266078184110971 0.0463871543264942
3 0.2055485498108449 0.5223015165031222 0.3707440100882724 0.25066904549509367
4 0.19546027742749053 0.7430865298840321 0.34047919293820933 0.1855486173059768
7 0.12673392181588902 0.9054415700267618 0.19798234552332913 0.11061552185548618
11 0.18221941992433796 0.12355040142729706 0.27112232030264816 0.2096342551293488