8 0.190625 0.23016759776536314 0.35 0.034636871508379886
9 0.1953125 0.26256983240223464 0.359375 0.0223463687150838
12 0.2015625 0.39385474860335196 0.3953125 0.2022346368715084
4 0.68359375 0.07039106145251396 0.4890625 0.12513966480446928
5 0.70234375 0.3089385474860335 0.5203125 0.3452513966480447
10 0.7125 0.5681564245810056 0.5375 0.16089385474860335
1 0.70390625 0.7368715083798882 0.54375 0.14860335195530727
7 0.6078125 0.8486033519553072 0.3359375 0.07374301675977654
6 0.58125 0.9430167597765363 0.278125 0.10167597765363129
13 0.1921875 0.8720670391061452 0.3640625 0.24581005586592178
3 0.1765625 0.6329608938547486 0.328125 0.22681564245810057