8 0.70546875 0.053631284916201116 0.3234375 0.03798882681564246
5 0.64140625 0.2927374301675978 0.421875 0.2860335195530726
3 0.15546875 0.3664804469273743 0.25 0.09608938547486033
2 0.146875 0.4899441340782123 0.21875 0.07932960893854749
12 0.13125 0.6011173184357542 0.196875 0.09273743016759776
4 0.64296875 0.5256983240223464 0.415625 0.17653631284916202
13 0.5453125 0.7011173184357542 0.2171875 0.1463687150837989
1 0.66015625 0.8318435754189945 0.446875 0.11284916201117319
7 0.5265625 0.9480446927374302 0.1796875 0.10279329608938548
9 0.6921875 0.10614525139664804 0.4296875 0.060335195530726256
11 0.21171875 0.15418994413407822 0.2828125 0.18994413407821228