10 0.33046875 0.5111731843575419 0.5984375 0.19553072625698323
4 0.33046875 0.34413407821229053 0.5984375 0.15418994413407822
5 0.33046875 0.12905027932960894 0.5984375 0.2581005586592179
8 0.1265625 0.6284916201117319 0.253125 0.03240223463687151
5 0.45390625 0.8044692737430168 0.3515625 0.39106145251396646
12 0.1359375 0.764804469273743 0.271875 0.1553072625698324
3 0.1296875 0.8960893854748604 0.259375 0.1005586592178771
1 0.14296875 0.976536312849162 0.2859375 0.04692737430167598
9 0.14296875 0.6636871508379888 0.28125 0.04022346368715084
4 0.8375 0.7731843575418994 0.325 0.32849162011173183
5 0.8375 0.9843575418994414 0.325 0.03128491620111732