8 0.21875 0.06089385474860335 0.3625 0.04357541899441341
12 0.2109375 0.20446927374301677 0.378125 0.12960893854748604
4 0.25234375 0.35027932960893854 0.2953125 0.17318435754189945
5 0.24765625 0.5608938547486033 0.3046875 0.23687150837988827
13 0.0546875 0.45139664804469276 0.109375 0.12067039106145251
3 0.0515625 0.2927374301675978 0.103125 0.19217877094972066
9 0.20859375 0.1106145251396648 0.3828125 0.04022346368715084
8 0.42734375 0.08547486033519552 0.0546875 0.02569832402234637
3 0.47265625 0.12290502793296089 0.1453125 0.04022346368715084
4 0.61875 0.18491620111731844 0.4375 0.07262569832402235
5 0.6515625 0.25642458100558657 0.503125 0.0659217877094972
10 0.653125 0.32849162011173183 0.50625 0.0670391061452514
2 0.6609375 0.40614525139664803 0.521875 0.08603351955307263
1 0.63984375 0.5106145251396648 0.4796875 0.11173184357541899
13 0.6640625 0.5960893854748603 0.528125 0.054748603351955305
7 0.69375 0.5905027932960893 0.453125 0.0111731843575419
6 0.66328125 0.6458100558659218 0.5265625 0.035754189944134075
13 0.90234375 0.8564245810055866 0.1953125 0.13519553072625698
9 0.5984375 0.7318435754189944 0.265625 0.04692737430167598
3 0.5859375 0.8871508379888268 0.371875 0.22569832402234638