8 0.3828125 0.02905027932960894 0.4359375 0.030167597765363128
9 0.3828125 0.07150837988826815 0.4046875 0.048044692737430165
3 0.81875 0.05698324022346369 0.3546875 0.09608938547486033
13 0.703125 0.24134078212290502 0.3734375 0.25251396648044694
2 0.7328125 0.46983240223463685 0.4390625 0.18212290502793296
7 0.73828125 0.6452513966480447 0.4765625 0.13519553072625698
6 0.75 0.8363128491620112 0.4984375 0.19329608938547485
10 0.234375 0.7675977653631285 0.46875 0.42569832402234636
5 0.23828125 0.4134078212290503 0.4734375 0.2558659217877095
4 0.23671875 0.20279329608938548 0.4640625 0.17206703910614526
11 0.0859375 0.05698324022346369 0.140625 0.10391061452513967