9 0.184375 0.007262569832402235 0.36875 0.01452513966480447
13 0.359375 0.16033519553072625 0.11875 0.2536312849162011
2 0.3578125 0.3888268156424581 0.121875 0.18324022346368715
7 0.3515625 0.5648044692737431 0.134375 0.13519553072625698
10 0.1265625 0.5715083798882682 0.253125 0.19553072625698323
5 0.12890625 0.3324022346368715 0.2578125 0.2558659217877095
4 0.1265625 0.1217877094972067 0.253125 0.17206703910614526
5 0.709375 0.32625698324022345 0.58125 0.4692737430167598
9 0.73984375 0.03519553072625698 0.5203125 0.027932960893854747
5 0.14453125 0.7608938547486034 0.2890625 0.14078212290502792
7 0.2796875 0.9368715083798883 0.175 0.12625698324022347