8 0.13125 0.02346368715083799 0.2359375 0.02905027932960894
4 0.27265625 0.26424581005586595 0.5296875 0.26927374301675977
10 0.7859375 0.21843575418994413 0.40625 0.16871508379888267
13 0.78515625 0.39329608938547483 0.421875 0.19329608938547485
13 0.78359375 0.6223463687150838 0.4125 0.24581005586592178
7 0.778125 0.7893854748603352 0.4015625 0.09162011173184358
2 0.72734375 0.9145251396648044 0.3125 0.16871508379888267
5 0.2796875 0.6821229050279329 0.546875 0.5642458100558659
3 0.7796875 0.06089385474860335 0.35 0.11620111731843576
12 0.20234375 0.08100558659217877 0.38125 0.07597765363128492
11 0.49921875 0.05921787709497207 0.1640625 0.11731843575418995