8 0.54453125 0.06368715083798883 0.54375 0.04357541899441341
12 0.62421875 0.20670391061452514 0.734375 0.12960893854748604
4 0.653125 0.35307262569832404 0.6265625 0.17318435754189945
5 0.65078125 0.5843575418994413 0.640625 0.27932960893854747
10 0.665625 0.7910614525139665 0.6578125 0.1653631284916201
2 0.64375 0.9262569832402234 0.6953125 0.14078212290502792
7 0.14296875 0.5899441340782123 0.28125 0.10391061452513967
6 0.115625 0.853072625698324 0.2203125 0.0893854748603352
13 0.171875 0.4541899441340782 0.34375 0.12067039106145251
13 0.1546875 0.7279329608938547 0.29375 0.12849162011173185
3 0.1703125 0.29497206703910617 0.3359375 0.19217877094972066
9 0.59921875 0.11284916201117319 0.69375 0.04022346368715084
11 0.1359375 0.12067039106145251 0.2234375 0.1553072625698324