5 0.35625 0.2335195530726257 0.125 0.2860335195530726
3 0.071875 0.3067039106145251 0.14375 0.09497206703910614
2 0.06015625 0.4301675977653631 0.1203125 0.08044692737430167
12 0.04609375 0.541340782122905 0.0921875 0.09273743016759776
4 0.35859375 0.4659217877094972 0.1203125 0.17653631284916202
11 0.10859375 0.09497206703910614 0.2171875 0.18994413407821228
7 0.81484375 0.505586592178771 0.2453125 0.20670391061452514
8 0.84140625 0.23128491620111732 0.2046875 0.08379888268156424
9 0.846875 0.30558659217877093 0.1375 0.03128491620111732
12 0.8109375 0.043016759776536316 0.275 0.08603351955307263
11 0.52109375 0.22960893854748604 0.2046875 0.4301675977653631
10 0.134375 0.8240223463687151 0.26875 0.35195530726256985
3 0.1015625 0.6206703910614525 0.203125 0.02346368715083799