4 0.06875 0.1463687150837989 0.1375 0.2681564245810056
10 0.3671875 0.1005586592178771 0.365625 0.16759776536312848
13 0.3625 0.27541899441340784 0.375 0.19329608938547485
13 0.3640625 0.44581005586592176 0.371875 0.12737430167597766
13 0.1296875 0.5391061452513967 0.259375 0.05921787709497207
7 0.13125 0.6245810055865921 0.2625 0.08491620111731843
6 0.03046875 0.7145251396648045 0.0609375 0.07039106145251396
5 0.43125 0.5804469273743017 0.2375 0.1418994413407821
4 0.43125 0.8055865921787709 0.2375 0.26145251396648045
5 0.775 0.6061452513966481 0.45 0.19329608938547485
4 0.775 0.8067039106145252 0.45 0.18994413407821228
13 0.75390625 0.9569832402234637 0.4078125 0.08603351955307263