8 0.5443995963673057 0.06374643874643875 0.5438950554994955 0.04344729344729345
12 0.624117053481332 0.20655270655270655 0.7356205852674067 0.12962962962962962
4 0.6533804238143289 0.3529202279202279 0.6266397578203835 0.17307692307692307
5 0.6508577194752775 0.5844017094017094 0.6397578203834511 0.27849002849002846
10 0.665489404641776 0.790954415954416 0.656912209889001 0.16595441595441596
7 0.1432896064581231 0.5897435897435898 0.2805247225025227 0.10398860398860399
6 0.11604439959636731 0.8529202279202279 0.2199798183652876 0.08903133903133903
13 0.1715438950554995 0.45405982905982906 0.343087790110999 0.12037037037037036
13 0.15489404641775983 0.7282763532763533 0.29364278506559033 0.12891737891737892
3 0.17003027245206861 0.2948717948717949 0.3360242179616549 0.19230769230769232
9 0.5993945509586277 0.11253561253561253 0.6942482341069627 0.039886039886039885
11 0.1357214934409687 0.12037037037037036 0.22300706357214933 0.15527065527065528