8 0.32401960784313727 0.0715909090909091 0.5205882352941177 0.0446969696969697
9 0.3764705882352941 0.12272727272727273 0.6313725490196078 0.04090909090909091
3 0.19117647058823528 0.28863636363636364 0.33725490196078434 0.19242424242424241
5 0.6754901960784314 0.39356060606060606 0.6078431372549019 0.4022727272727273
4 0.6558823529411765 0.7166666666666667 0.5745098039215686 0.22272727272727272
10 0.6563725490196078 0.8890151515151515 0.5813725490196079 0.12348484848484849
13 0.18676470588235294 0.4818181818181818 0.3519607843137255 0.1696969696969697
7 0.13333333333333333 0.6443181818181818 0.22549019607843138 0.1431818181818182
13 0.15049019607843137 0.7643939393939394 0.25980392156862747 0.09696969696969697
6 0.16176470588235295 0.9276515151515151 0.28627450980392155 0.075
11 0.8475490196078431 0.09696969696969697 0.23039215686274508 0.17424242424242425