4 0.3421875 0.09497206703910614 0.315625 0.17653631284916202
13 0.2953125 0.2709497206703911 0.2171875 0.1452513966480447
1 0.34296875 0.39217877094972065 0.3140625 0.09385474860335195
5 0.8859375 0.13631284916201117 0.228125 0.27262569832402234
4 0.8875 0.3687150837988827 0.225 0.14078212290502792
7 0.6 0.16815642458100558 0.134375 0.10726256983240223
0 0.61171875 0.3435754189944134 0.1578125 0.19106145251396647
13 0.6 0.04189944134078212 0.134375 0.08379888268156424
13 0.1953125 0.5111731843575419 0.390625 0.1441340782122905
4 0.175 0.9005586592178771 0.35 0.19888268156424582
13 0.146875 0.6927374301675978 0.265625 0.1877094972067039
8 0.5484375 0.5659217877094972 0.096875 0.034636871508379886
9 0.55234375 0.5988826815642458 0.1046875 0.0223463687150838
12 0.56484375 0.729608938547486 0.1296875 0.2011173184357542
5 0.83671875 0.6446927374301676 0.3265625 0.34413407821229053
10 0.8375 0.9039106145251397 0.325 0.16089385474860335