8 0.32421875 0.07150837988826815 0.5203125 0.0446927374301676
9 0.3765625 0.1223463687150838 0.63125 0.041340782122905026
3 0.190625 0.288268156424581 0.3375 0.19217877094972066
5 0.675 0.39329608938547483 0.6078125 0.4022346368715084
4 0.65546875 0.7167597765363128 0.575 0.22346368715083798
10 0.65625 0.8893854748603351 0.58125 0.12402234636871508
13 0.18671875 0.48156424581005586 0.353125 0.16983240223463686
7 0.1328125 0.6441340782122905 0.225 0.1430167597765363
13 0.15 0.7642458100558659 0.259375 0.09720670391061452
2 0.18359375 0.853072625698324 0.3171875 0.0782122905027933
6 0.16171875 0.9273743016759777 0.2859375 0.07486033519553073
11 0.84765625 0.09720670391061452 0.23125 0.17430167597765364