8 0.1609375 0.11620111731843576 0.2515625 0.02011173184357542
9 0.16640625 0.1424581005586592 0.2625 0.030167597765363128
3 0.128125 0.21843575418994413 0.1953125 0.08379888268156424
7 0.11484375 0.32122905027932963 0.184375 0.09497206703910614
13 0.15546875 0.47430167597765366 0.2578125 0.17206703910614526
6 0.125 0.6106145251396649 0.20625 0.07039106145251396
13 0.128125 0.7072625698324022 0.20625 0.09162011173184358
10 0.6578125 0.7871508379888268 0.6078125 0.3094972067039106
5 0.65703125 0.4206703910614525 0.603125 0.37988826815642457
4 0.6375 0.1329608938547486 0.5625 0.1452513966480447
12 0.653125 0.0335195530726257 0.5921875 0.042458100558659215
11 0.15 0.05418994413407821 0.3 0.10837988826815642