12 0.32421875 0.10949720670391061 0.3515625 0.12960893854748604
4 0.365625 0.2553072625698324 0.26875 0.17318435754189945
5 0.3609375 0.47374301675977654 0.278125 0.25251396648044694
7 0.0875 0.4921787709497207 0.175 0.10391061452513967
13 0.11796875 0.3564245810055866 0.2359375 0.12067039106145251
3 0.11484375 0.19776536312849163 0.2296875 0.19217877094972066
9 0.321875 0.017877094972067038 0.35625 0.035754189944134075
11 0.06953125 0.05027932960893855 0.1390625 0.1005586592178771
12 0.75 0.22290502793296088 0.5 0.06815642458100558
3 0.6625 0.11955307262569832 0.325 0.06256983240223464
5 0.7484375 0.4016759776536313 0.496875 0.2670391061452514
11 0.9578125 0.09441340782122905 0.084375 0.16201117318435754