8 0.65859375 0.1106145251396648 0.3765625 0.041340782122905026
12 0.68828125 0.18994413407821228 0.578125 0.09720670391061452
10 0.68828125 0.4340782122905028 0.571875 0.2737430167597765
5 0.68828125 0.6687150837988827 0.59375 0.1888268156424581
4 0.63203125 0.8268156424581006 0.453125 0.10279329608938548
2 0.61953125 0.9273743016759777 0.4421875 0.09273743016759776
3 0.19140625 0.39608938547486033 0.3125 0.13743016759776536
7 0.1984375 0.5089385474860335 0.3265625 0.0782122905027933
13 0.19609375 0.6670391061452514 0.321875 0.22793296089385476
13 0.18984375 0.823463687150838 0.3015625 0.08156424581005586
6 0.17578125 0.9050279329608939 0.28125 0.06368715083798883
11 0.21796875 0.2011173184357542 0.303125 0.22793296089385476
11 0.21875 0.20391061452513967 0.30625 0.22346368715083798