8 0.6584258324924319 0.11056971514242879 0.3763874873864783 0.04122938530734633
12 0.6881937436932392 0.19002998500749624 0.5771947527749748 0.0967016491754123
10 0.6881937436932392 0.434407796101949 0.5711402623612513 0.27361319340329837
5 0.6886982845610494 0.6686656671664168 0.5943491422805247 0.1889055472263868
4 0.6321897073662966 0.8272113943028486 0.4530776992936428 0.10269865067466268
3 0.1917255297679112 0.3961769115442279 0.31281533804238143 0.13718140929535233
7 0.198284561049445 0.5089955022488756 0.32593340060544906 0.07796101949025487
13 0.19576185671039353 0.6671664167916042 0.32088799192734613 0.22788605697151423
13 0.19021190716448033 0.823088455772114 0.30171543895055497 0.08095952023988005
6 0.17608476286579214 0.9051724137931034 0.2815338042381433 0.06371814092953523
11 0.21796165489404642 0.20089955022488756 0.30272452068617556 0.22788605697151423
11 0.218970736629667 0.20389805097451275 0.3067608476286579 0.22338830584707647