5 0.4265625 0.146927374301676 0.125 0.293854748603352
10 0.42421875 0.4111731843575419 0.1296875 0.2100558659217877
2 0.171875 0.43798882681564244 0.3203125 0.1430167597765363
7 0.090625 0.29217877094972067 0.1546875 0.12737430167597766
1 0.1375 0.15363128491620112 0.2515625 0.13966480446927373
13 0.1703125 0.03687150837988827 0.321875 0.07374301675977654
5 0.3390625 0.9385474860335196 0.3 0.12290502793296089
12 0.33203125 0.7782122905027933 0.3140625 0.15083798882681565
3 0.0421875 0.8474860335195531 0.084375 0.2446927374301676
8 0.3390625 0.5798882681564246 0.3 0.08715083798882682
9 0.296875 0.6430167597765363 0.215625 0.030167597765363128
11 0.03828125 0.5955307262569832 0.0765625 0.1318435754189944
12 0.79140625 0.541340782122905 0.3203125 0.02346368715083799
4 0.56796875 0.6921787709497207 0.1578125 0.16201117318435754
5 0.82421875 0.7642458100558659 0.3328125 0.29832402234636873
7 0.56953125 0.8497206703910615 0.1609375 0.10167597765363129
13 0.80078125 0.9675977653631285 0.2828125 0.06480446927374302
6 0.5671875 0.9608938547486033 0.15625 0.0782122905027933