9 0.15 0.00782122905027933 0.3 0.01564245810055866
13 0.19453125 0.146927374301676 0.3890625 0.26033519553072626
5 0.11328125 0.41675977653631285 0.2265625 0.24581005586592178
10 0.3421875 0.41620111731843573 0.09375 0.24692737430167597
13 0.51953125 0.1005586592178771 0.2296875 0.2011173184357542
2 0.5171875 0.2698324022346369 0.2203125 0.08268156424581005
6 0.49140625 0.39329608938547483 0.1703125 0.10614525139664804
5 0.84140625 0.13966480446927373 0.3171875 0.27932960893854747
7 0.84140625 0.3547486033519553 0.3171875 0.10391061452513967
4 0.84140625 0.48156424581005586 0.3171875 0.0893854748603352
5 0.28203125 0.7698324022346369 0.2140625 0.46033519553072627