3 0.2546875 0.013407821229050279 0.509375 0.026815642458100558
12 0.2515625 0.09832402234636871 0.4984375 0.11843575418994413
4 0.2546875 0.2675977653631285 0.509375 0.2111731843575419
5 0.76484375 0.09497206703910614 0.4703125 0.18994413407821228
13 0.76015625 0.31229050279329607 0.471875 0.20446927374301677
3 0.2265625 0.5754189944134078 0.1484375 0.1340782122905028
12 0.4296875 0.517877094972067 0.159375 0.07262569832402235
5 0.42734375 0.6625698324022347 0.1640625 0.09608938547486033
7 0.42734375 0.8256983240223463 0.1640625 0.14972067039106146
13 0.4265625 0.964245810055866 0.165625 0.07150837988826815
4 0.22421875 0.7720670391061453 0.15 0.12513966480446928