8 0.57890625 0.04860335195530726 0.371875 0.027932960893854747
9 0.6609375 0.09832402234636871 0.5375 0.03798882681564246
3 0.55703125 0.1787709497206704 0.3296875 0.11508379888268157
4 0.6546875 0.34022346368715084 0.5359375 0.2
5 0.67265625 0.6016759776536312 0.5640625 0.29832402234636873
10 0.6703125 0.8687150837988827 0.5671875 0.2100558659217877
2 0.1984375 0.8949720670391061 0.31875 0.1430167597765363
7 0.1171875 0.7491620111731844 0.15625 0.12737430167597766
1 0.1640625 0.6106145251396649 0.2515625 0.13966480446927373
13 0.19765625 0.4748603351955307 0.3234375 0.11173184357541899
13 0.19375 0.3229050279329609 0.3109375 0.17094972067039105
11 0.2046875 0.13128491620111732 0.303125 0.19553072625698323