8 0.65546875 0.11173184357541899 0.3765625 0.053631284916201116
12 0.684375 0.18324022346368715 0.578125 0.08826815642458101
10 0.68828125 0.4016759776536313 0.58125 0.2558659217877095
5 0.69453125 0.6458100558659218 0.5921875 0.2022346368715084
4 0.6296875 0.8195530726256983 0.465625 0.10949720670391061
2 0.61953125 0.924022346368715 0.440625 0.09720670391061452
3 0.1953125 0.4016759776536313 0.3109375 0.1318435754189944
7 0.121875 0.5094972067039106 0.1640625 0.08491620111731843
13 0.1984375 0.670949720670391 0.315625 0.22569832402234638
13 0.1921875 0.8229050279329609 0.3046875 0.08603351955307263
6 0.1734375 0.9083798882681564 0.26875 0.06815642458100558
11 0.1953125 0.20391061452513967 0.3484375 0.2446927374301676