4 0.48671875 0.0776536312849162 0.5046875 0.1553072625698324
5 0.490625 0.3424581005586592 0.496875 0.35195530726256985
6 0.4921875 0.5446927374301676 0.49375 0.05027932960893855
13 0.05546875 0.38491620111731845 0.1109375 0.15754189944134078
7 0.04765625 0.5229050279329609 0.0953125 0.09385474860335195
13 0.071875 0.21620111731843575 0.14375 0.14860335195530727
3 0.0765625 0.06480446927374302 0.153125 0.12960893854748604
12 0.9390625 0.09273743016759776 0.121875 0.10502793296089385
13 0.75703125 0.2240223463687151 0.0359375 0.1553072625698324
7 0.77265625 0.38324022346368714 0.0671875 0.14748603351955308
3 0.78046875 0.5195530726256983 0.0828125 0.1005586592178771
5 0.9390625 0.2670391061452514 0.121875 0.21675977653631284
4 0.9390625 0.48547486033519555 0.121875 0.16871508379888267
5 0.24375 0.7324022346368715 0.4875 0.23128491620111732
13 0.6234375 0.8759776536312849 0.171875 0.24804469273743016
4 0.24296875 0.9452513966480447 0.4859375 0.10949720670391061
3 0.62890625 0.6497206703910614 0.2046875 0.15977653631284916
11 0.4125 0.5837988826815642 0.1375 0.027932960893854747