8 0.7890625 0.16424581005586592 0.3875 0.0335195530726257
3 0.78515625 0.30726256983240224 0.415625 0.16089385474860335
12 0.78359375 0.4491620111731844 0.4046875 0.10837988826815642
13 0.7859375 0.5670391061452514 0.41875 0.12513966480446928
7 0.75546875 0.6698324022346369 0.35 0.0782122905027933
6 0.7828125 0.8446927374301676 0.40625 0.26927374301675977
12 0.284375 0.057541899441340784 0.55 0.0893854748603352
4 0.2828125 0.25139664804469275 0.5578125 0.2748603351955307
5 0.2859375 0.6385474860335195 0.55625 0.49050279329608937
10 0.25546875 0.9430167597765363 0.50625 0.09944134078212291
11 0.79140625 0.06871508379888268 0.203125 0.13519553072625698