5 0.5046875 0.08435754189944134 0.428125 0.16871508379888267
4 0.50234375 0.2899441340782123 0.4328125 0.23798882681564246
13 0.084375 0.08379888268156424 0.16875 0.16759776536312848
7 0.0984375 0.2340782122905028 0.196875 0.10391061452513967
3 0.075 0.36312849162011174 0.15 0.09162011173184358
8 0.29375 0.5374301675977654 0.5125 0.03240223463687151
9 0.29375 0.5698324022346368 0.2375 0.013407821229050279
12 0.075 0.6787709497206704 0.15 0.09050279329608939
5 0.365625 0.7486033519553073 0.35625 0.23687150837988827
4 0.384375 0.9513966480446927 0.39375 0.09720670391061452
13 0.0578125 0.8893854748603351 0.115625 0.12513966480446928
10 0.8390625 0.676536312849162 0.240625 0.20670391061452514
1 0.84296875 0.48379888268156424 0.2484375 0.14972067039106146
7 0.82265625 0.8692737430167597 0.2078125 0.15195530726256984