8 0.18181818181818182 0.1966452533904354 0.1717171717171717 0.052105638829407566
4 0.6242424242424243 0.09957173447537473 0.509090909090909 0.14204139900071378
5 0.657070707070707 0.25660242683797285 0.5686868686868687 0.15774446823697358
10 0.6575757575757576 0.4750178443968594 0.5757575757575758 0.28051391862955033
4 0.5338383838383839 0.6406138472519629 0.33434343434343433 0.06209850107066381
6 0.4287878787878788 0.8219129193433262 0.12626262626262627 0.08065667380442541
13 0.1904040404040404 0.5663811563169164 0.25353535353535356 0.08636688079942897
12 0.16767676767676767 0.32583868665239113 0.27070707070707073 0.1192005710206995
3 0.1797979797979798 0.4493219129193433 0.24444444444444444 0.12776588151320487
9 0.17575757575757575 0.24553890078515347 0.2222222222222222 0.042826552462526764
11 0.17020202020202022 0.09172019985724482 0.15858585858585858 0.14061384725196288
7 0.18686868686868688 0.6805852962169878 0.25252525252525254 0.1363311920057102
13 0.18484848484848485 0.8508208422555318 0.24848484848484848 0.19700214132762311