8 0.33181818181818185 0.05531763026409707 0.1101010101010101 0.057815845824411134
4 0.49343434343434345 0.215203426124197 0.9101010101010101 0.16202712348322626
5 0.49343434343434345 0.4550321199143469 0.9101010101010101 0.31192005710206994
13 0.3621212121212121 0.672733761598858 0.6434343434343435 0.1206281227694504
7 0.1803030303030303 0.818344039971449 0.2777777777777778 0.16488222698072805
13 0.49696969696969695 0.8290506780870807 0.2808080808080808 0.1948608137044968
13 0.7484848484848485 0.7837259100642399 0.1414141414141414 0.09707351891506068
6 0.1606060606060606 0.9586009992862241 0.23232323232323232 0.05139186295503212
3 0.4984848484848485 0.9546752319771592 0.2777777777777778 0.052105638829407566
3 0.6616161616161617 0.07137758743754462 0.43232323232323233 0.0913633119200571
11 0.1595959595959596 0.07851534618129907 0.15151515151515152 0.11420413990007137