8 0.42578125 0.055865921787709494 0.4203125 0.041340782122905026
3 0.83046875 0.08715083798882682 0.3125 0.12960893854748604
5 0.73984375 0.5776536312849162 0.4984375 0.829050279329609
12 0.2265625 0.20391061452513967 0.36875 0.08268156424581005
4 0.25625 0.35307262569832404 0.4234375 0.21564245810055865
4 0.25546875 0.5368715083798883 0.4265625 0.1564245810055866
13 0.21953125 0.7061452513966481 0.3609375 0.18212290502793296
13 0.2328125 0.8357541899441341 0.3828125 0.06480446927374302
7 0.21171875 0.9229050279329609 0.334375 0.10726256983240223
9 0.42890625 0.09217877094972067 0.4046875 0.030167597765363128
11 0.1375 0.08379888268156424 0.1859375 0.14748603351955308