8 0.20181634712411706 0.16345467523197715 0.20787083753784055 0.049964311206281226
9 0.7214934409687185 0.052105638829407566 0.5146316851664985 0.07851534618129907
4 0.670534813319879 0.21413276231263384 0.5297679112008072 0.21698786581013563
5 0.6997981836528759 0.5692362598144183 0.5923309788092835 0.4860813704496788
13 0.6927346115035318 0.8918629550321199 0.5782038345105953 0.15774446823697358
12 0.20887991927346114 0.25267665952890794 0.3794147325933401 0.1470378301213419
3 0.14732593340060546 0.42326909350463954 0.26639757820383453 0.19271948608137046
13 0.1094853683148335 0.5870806566738044 0.18668012108980828 0.12776588151320487
10 0.21089808274470231 0.7194860813704497 0.3794147325933401 0.1270521056388294
6 0.124117053481332 0.9539614561027837 0.22401614530776992 0.07351891506067094
11 0.20232088799192735 0.0728051391862955 0.20282542885973764 0.13133476088508209