5 0.6359375 0.28212290502793297 0.528125 0.2860335195530726
12 0.17578125 0.2212290502793296 0.3375 0.1418994413407821
9 0.51328125 0.09217877094972067 0.4484375 0.07150837988826815
4 0.1734375 0.411731843575419 0.3375 0.2346368715083799
13 0.18984375 0.6815642458100558 0.3640625 0.2905027932960894
2 0.18203125 0.9094972067039107 0.35 0.16424581005586592
7 0.52578125 0.8569832402234637 0.30625 0.10949720670391061
6 0.4640625 0.9497206703910615 0.1734375 0.08156424581005586
10 0.66484375 0.6145251396648045 0.575 0.37094972067039106
3 0.88359375 0.056424581005586595 0.2109375 0.10502793296089385
8 0.4671875 0.034636871508379886 0.3375 0.03910614525139665
11 0.13125 0.07597765363128492 0.209375 0.15195530726256984