8 0.42525252525252527 0.05555555555555555 0.4202020202020202 0.04131054131054131
3 0.8308080808080808 0.0868945868945869 0.31212121212121213 0.12962962962962962
5 0.73989898989899 0.5776353276353277 0.49797979797979797 0.8290598290598291
12 0.22626262626262628 0.2037037037037037 0.36767676767676766 0.08262108262108261
4 0.25606060606060604 0.3529202279202279 0.42323232323232324 0.21581196581196582
4 0.25555555555555554 0.5366809116809117 0.4262626262626263 0.15598290598290598
13 0.2196969696969697 0.7061965811965812 0.3606060606060606 0.18162393162393162
13 0.23282828282828283 0.8358262108262108 0.38282828282828285 0.06481481481481481
7 0.21161616161616162 0.9227207977207977 0.33434343434343433 0.10754985754985755
9 0.4292929292929293 0.09223646723646724 0.40404040404040403 0.0292022792022792
11 0.13737373737373737 0.08368945868945869 0.18585858585858586 0.14743589743589744