2 0.175 0.13798882681564245 0.35 0.16201117318435754
6 0.471875 0.3865921787709497 0.16875 0.0446927374301676
4 0.68515625 0.01675977653631285 0.6296875 0.0335195530726257
5 0.665625 0.08659217877094973 0.596875 0.10167597765363129
2 0.5921875 0.17374301675977655 0.43125 0.05027932960893855
7 0.55 0.23184357541899442 0.3515625 0.06368715083798883
13 0.52421875 0.31340782122905025 0.3078125 0.08268156424581005
5 0.73046875 0.5245810055865922 0.5390625 0.23128491620111732
4 0.7328125 0.7441340782122905 0.534375 0.18994413407821228
13 0.68828125 0.9256983240223464 0.4609375 0.14860335195530727
3 0.38359375 0.4972067039106145 0.0671875 0.17653631284916202
13 0.38984375 0.7027932960893855 0.0796875 0.09385474860335195
1 0.390625 0.9167597765363128 0.08125 0.11955307262569832