5 0.44453125 0.08268156424581005 0.3890625 0.1653631284916201
12 0.06484375 0.26033519553072626 0.1296875 0.1452513966480447
13 0.06484375 0.41787709497206704 0.1296875 0.1564245810055866
4 0.44609375 0.36815642458100556 0.3859375 0.36983240223463687
3 0.0578125 0.5335195530726257 0.115625 0.07262569832402235
9 0.03828125 0.12346368715083798 0.0765625 0.05027932960893855
10 0.84765625 0.4899441340782123 0.3046875 0.15977653631284916
5 0.86875 0.2608938547486033 0.2625 0.2223463687150838
4 0.8625 0.06368715083798883 0.275 0.12737430167597766
4 0.3265625 0.7569832402234636 0.559375 0.20558659217877095
5 0.33203125 0.9681564245810056 0.5671875 0.06368715083798883