3 0.61640625 0.030167597765363128 0.1859375 0.060335195530726256
13 0.534375 0.2206703910614525 0.35 0.2782122905027933
10 0.53671875 0.4312849162011173 0.3453125 0.1005586592178771
1 0.49296875 0.5229050279329609 0.2515625 0.048044692737430165
7 0.50703125 0.588268156424581 0.2828125 0.061452513966480445
4 0.16953125 0.21620111731843575 0.3390625 0.26256983240223464
5 0.16953125 0.49050279329608937 0.3390625 0.2569832402234637
11 0.33671875 0.025139664804469275 0.1453125 0.05027932960893855
13 0.85546875 0.04078212290502793 0.2890625 0.08156424581005586
5 0.8546875 0.2335195530726257 0.290625 0.10949720670391061
7 0.8546875 0.33798882681564246 0.290625 0.06815642458100558
2 0.85546875 0.4324022346368715 0.2890625 0.12067039106145251
4 0.85546875 0.13575418994413407 0.2890625 0.07709497206703911
12 0.8375 0.9357541899441341 0.25625 0.12849162011173185
11 0.8140625 0.7340782122905027 0.209375 0.18547486033519553