8 0.33203125 0.0553072625698324 0.1109375 0.05810055865921788
4 0.49375 0.21508379888268156 0.9109375 0.16201117318435754
5 0.49375 0.4553072625698324 0.9109375 0.311731843575419
13 0.3625 0.6726256983240223 0.64375 0.11955307262569832
7 0.18046875 0.8184357541899442 0.278125 0.1653631284916201
13 0.496875 0.829050279329609 0.2796875 0.19553072625698323
13 0.7484375 0.7837988826815643 0.1421875 0.09720670391061452
6 0.16015625 0.958659217877095 0.2328125 0.05139664804469274
3 0.4984375 0.9547486033519553 0.278125 0.05251396648044693
3 0.66171875 0.07150837988826815 0.4328125 0.09162011173184358
11 0.159375 0.07877094972067039 0.1515625 0.11396648044692738