1 0.39921875 0.25865921787709495 0.0609375 0.048044692737430165
7 0.3984375 0.3396648044692737 0.0625 0.09162011173184358
6 0.396875 0.4402234636871508 0.065625 0.05810055865921788
4 0.1703125 0.04189944134078212 0.340625 0.08379888268156424
5 0.1703125 0.34413407821229053 0.340625 0.49162011173184356
5 0.71640625 0.4374301675977654 0.5671875 0.30502793296089387
12 0.715625 0.19050279329608938 0.56875 0.15977653631284916
8 0.515625 0.04748603351955307 0.1609375 0.02905027932960894
9 0.62578125 0.0776536312849162 0.3828125 0.02346368715083799
3 0.32734375 0.6804469273743017 0.2015625 0.18100558659217877
13 0.325 0.8916201117318435 0.2 0.20335195530726258
5 0.06875 0.8162011173184358 0.1375 0.3005586592178771