8 0.56875 0.04357541899441341 0.3875 0.035754189944134075
12 0.6390625 0.15027932960893856 0.53125 0.09720670391061452
9 0.47109375 0.07430167597765364 0.1953125 0.02011173184357542
3 0.209375 0.2905027932960894 0.2796875 0.24022346368715083
4 0.6703125 0.3011173184357542 0.6 0.18324022346368715
5 0.6734375 0.511731843575419 0.6 0.21452513966480447
2 0.6703125 0.7162011173184357 0.603125 0.16201117318435754
13 0.209375 0.4910614525139665 0.2765625 0.12625698324022347
7 0.209375 0.6418994413407821 0.271875 0.14078212290502792
9 0.134375 0.7804469273743017 0.1375 0.11955307262569832
11 0.19921875 0.09720670391061452 0.215625 0.14972067039106146