5 0.6357214934409687 0.2816951566951567 0.5267406659939455 0.28561253561253563
12 0.17558022199798184 0.22115384615384615 0.33703329969727547 0.14173789173789172
9 0.5131180625630676 0.09223646723646724 0.44904137235116043 0.07193732193732194
4 0.17356205852674067 0.4116809116809117 0.33703329969727547 0.2336182336182336
13 0.18970736629667004 0.6812678062678063 0.3632694248234107 0.2898860398860399
7 0.5257315842583249 0.8568376068376068 0.3067608476286579 0.10968660968660969
6 0.46417759838546924 0.9497863247863247 0.17356205852674067 0.08048433048433049
10 0.6649848637739657 0.6143162393162394 0.5751765893037336 0.3710826210826211
3 0.8834510595358224 0.05626780626780627 0.21089808274470231 0.10541310541310542
8 0.467204843592331 0.0349002849002849 0.33703329969727547 0.038461538461538464
11 0.13168516649848638 0.07585470085470085 0.20887991927346114 0.1517094017094017