8 0.2015625 0.16368715083798882 0.2078125 0.05027932960893855
9 0.721875 0.05251396648044693 0.515625 0.07932960893854749
4 0.67109375 0.21452513966480447 0.53125 0.21787709497206703
5 0.69921875 0.5692737430167598 0.5921875 0.4860335195530726
13 0.69296875 0.8916201117318435 0.578125 0.15754189944134078
12 0.20859375 0.25251396648044694 0.3796875 0.14748603351955308
3 0.14765625 0.423463687150838 0.2671875 0.19329608938547485
13 0.109375 0.5871508379888268 0.1875 0.12737430167597766
10 0.2109375 0.7195530726256983 0.3796875 0.12737430167597766
2 0.2015625 0.8502793296089386 0.3546875 0.12849162011173185
6 0.12421875 0.9541899441340782 0.225 0.07374301675977654
11 0.20234375 0.07262569832402235 0.2015625 0.1318435754189944