8 0.3265625 0.043016759776536316 0.21875 0.026815642458100558
9 0.5796875 0.0776536312849162 0.71875 0.04022346368715084
3 0.54453125 0.11843575418994413 0.653125 0.04581005586592179
12 0.49296875 0.18212290502793296 0.903125 0.07374301675977654
4 0.4421875 0.276536312849162 0.809375 0.10167597765363129
5 0.46015625 0.41564245810055866 0.840625 0.15977653631284916
10 0.496875 0.6189944134078212 0.9265625 0.23798882681564246
13 0.49765625 0.7960893854748603 0.909375 0.11173184357541899
7 0.23359375 0.8921787709497206 0.384375 0.0670391061452514
2 0.73046875 0.906145251396648 0.4390625 0.09497206703910614
11 0.1125 0.07374301675977654 0.1390625 0.11955307262569832