5 0.2484375 0.06312849162011173 0.496875 0.12625698324022347
1 0.2453125 0.18379888268156425 0.490625 0.10167597765363129
2 0.24765625 0.35810055865921786 0.4953125 0.22681564245810057
2 0.82734375 0.1106145251396648 0.3453125 0.18324022346368715
7 0.82109375 0.2865921787709497 0.3578125 0.13519553072625698
6 0.82109375 0.45027932960893857 0.3578125 0.13854748603351955
8 0.259375 0.6212290502793296 0.51875 0.0223463687150838
3 0.259375 0.7832402234636872 0.51875 0.2435754189944134
12 0.246875 0.7452513966480447 0.49375 0.12625698324022347
12 0.7234375 0.6089385474860335 0.21875 0.09944134078212291
13 0.72265625 0.8201117318435754 0.2171875 0.14860335195530727
7 0.72578125 0.976536312849162 0.2015625 0.04692737430167598
5 0.94765625 0.7139664804469273 0.1046875 0.3039106145251397
4 0.94921875 0.9379888268156424 0.1015625 0.12402234636871508