4 0.490625 0.06927374301675977 0.3375 0.13854748603351955
5 0.490625 0.22905027932960895 0.3375 0.16089385474860335
3 0.15 0.188268156424581 0.259375 0.2424581005586592
11 0.16171875 0.02905027932960894 0.2234375 0.05810055865921788
5 0.865625 0.146927374301676 0.26875 0.293854748603352
8 0.06484375 0.31229050279329607 0.1296875 0.00558659217877095
9 0.06640625 0.33743016759776534 0.1328125 0.049162011173184354
3 0.3296875 0.39776536312849164 0.659375 0.035754189944134075
5 0.3296875 0.5050279329608939 0.659375 0.16312849162011173
4 0.3296875 0.6905027932960894 0.659375 0.18994413407821228
5 0.3296875 0.8972067039106145 0.659375 0.20558659217877095
4 0.8296875 0.4402234636871508 0.340625 0.26145251396648045
5 0.8296875 0.693854748603352 0.340625 0.21899441340782122
13 0.78515625 0.911731843575419 0.2515625 0.17653631284916202