8 0.56484375 0.08324022346368715 0.4 0.08156424581005586
4 0.65625 0.27150837988826815 0.5640625 0.22793296089385476
9 0.47109375 0.14022346368715083 0.2234375 0.026815642458100558
12 0.15546875 0.29497206703910617 0.271875 0.18324022346368715
3 0.16640625 0.4720670391061452 0.290625 0.14078212290502792
10 0.6765625 0.711731843575419 0.6109375 0.35195530726256985
5 0.6546875 0.4664804469273743 0.565625 0.17094972067039105
2 0.59609375 0.9368715083798883 0.44375 0.10391061452513967
13 0.1609375 0.6458100558659218 0.28125 0.16759776536312848
7 0.15625 0.788268156424581 0.2578125 0.10502793296089385
6 0.10625 0.9016759776536313 0.1703125 0.10502793296089385
11 0.165625 0.10223463687150838 0.2421875 0.1787709497206704