8 0.34006054490413723 0.0405982905982906 0.28456104944500504 0.02849002849002849
12 0.5560040363269425 0.0900997150997151 0.7063572149344097 0.030626780626780627
3 0.4843592330978809 0.1581196581196581 0.8314833501513622 0.03418803418803419
4 0.2462159434914228 0.28917378917378916 0.41372351160444 0.21794871794871795
13 0.7199798183652876 0.34437321937321935 0.384460141271443 0.33262108262108264
7 0.677598385469223 0.8269230769230769 0.30978809283551967 0.09971509971509972
6 0.7245206861755802 0.9220085470085471 0.4036326942482341 0.051994301994301995
10 0.2522704339051463 0.49537037037037035 0.437941473259334 0.15313390313390313
5 0.25529767911200807 0.7215099715099715 0.4339051463168517 0.25925925925925924
9 0.34611503531786075 0.06517094017094018 0.29263370332996974 0.02492877492877493
11 0.10645812310797174 0.07086894586894586 0.1584258324924319 0.09472934472934473