8 0.11015625 0.20446927374301677 0.134375 0.053631284916201116
4 0.6328125 0.10335195530726257 0.615625 0.15865921787709497
5 0.64375 0.35977653631284917 0.634375 0.35195530726256985
10 0.64453125 0.576536312849162 0.621875 0.07262569832402235
13 0.51171875 0.646927374301676 0.359375 0.0670391061452514
2 0.625 0.7631284916201118 0.5890625 0.15754189944134078
2 0.61328125 0.8832402234636871 0.5703125 0.08156424581005586
13 0.153125 0.8117318435754189 0.2171875 0.0893854748603352
3 0.13984375 0.8832402234636871 0.19375 0.055865921787709494
6 0.09921875 0.6944134078212291 0.121875 0.14972067039106146
7 0.10546875 0.5569832402234637 0.128125 0.11620111731843576
3 0.128125 0.43687150837988825 0.16875 0.09608938547486033
12 0.1515625 0.3335195530726257 0.225 0.09050279329608939
9 0.1421875 0.2636871508379888 0.20625 0.0446927374301676
11 0.14609375 0.1005586592178771 0.20625 0.14078212290502792