8 0.34296875 0.0446927374301676 0.284375 0.034636871508379886
4 0.24140625 0.2659217877094972 0.440625 0.2223463687150838
13 0.76640625 0.2687150837988827 0.390625 0.2212290502793296
2 0.73046875 0.4340782122905028 0.315625 0.060335195530726256
13 0.73828125 0.5575418994413408 0.340625 0.15083798882681565
1 0.6515625 0.6899441340782123 0.15625 0.08156424581005586
7 0.71015625 0.7949720670391062 0.2734375 0.1005586592178771
6 0.69765625 0.8921787709497206 0.259375 0.06480446927374302
5 0.2703125 0.8536312849162011 0.5078125 0.1664804469273743
10 0.2625 0.5815642458100558 0.4640625 0.3553072625698324
3 0.8484375 0.06871508379888268 0.23125 0.09832402234636871
9 0.3578125 0.08044692737430167 0.30625 0.035754189944134075
11 0.1078125 0.07094972067039106 0.1546875 0.10949720670391061