8 0.343087790110999 0.044515669515669515 0.28456104944500504 0.0349002849002849
4 0.24117053481331988 0.2656695156695157 0.4399596367305752 0.2222222222222222
13 0.7663975782038345 0.26851851851851855 0.3905146316851665 0.2207977207977208
13 0.7381432896064581 0.5576923076923077 0.34006054490413723 0.150997150997151
7 0.7103935418768921 0.7948717948717948 0.27447023208879917 0.09971509971509972
6 0.6977800201816348 0.8920940170940171 0.2593340060544904 0.06481481481481481
5 0.26992936427850656 0.8536324786324786 0.5075681130171544 0.16595441595441596
10 0.2623612512613522 0.5815527065527065 0.46417759838546924 0.3554131054131054
3 0.8486377396569122 0.06873219373219373 0.23007063572149344 0.09757834757834757
9 0.35721493440968716 0.08012820512820513 0.3067608476286579 0.0349002849002849
11 0.10746720484359233 0.07086894586894586 0.15438950554994954 0.10897435897435898