5 0.225 0.1553072625698324 0.428125 0.3106145251396648
10 0.228125 0.3513966480446927 0.421875 0.07262569832402235
13 0.21953125 0.6329608938547486 0.4390625 0.18212290502793296
0 0.21953125 0.7905027932960894 0.4390625 0.09720670391061452
5 0.21953125 0.4558659217877095 0.4390625 0.1318435754189944
4 0.21953125 0.9184357541899442 0.4390625 0.11620111731843576
3 0.53671875 0.4592178770949721 0.1953125 0.13854748603351955
13 0.53515625 0.6452513966480447 0.1921875 0.21787709497206703
13 0.5296875 0.8474860335195531 0.18125 0.15977653631284916
6 0.54296875 0.9731843575418995 0.2078125 0.053631284916201116
5 0.840625 0.6435754189944134 0.31875 0.5072625698324023
4 0.83984375 0.9608938547486033 0.3203125 0.0782122905027933