13 0.31796875 0.06815642458100558 0.2421875 0.13631284916201117
2 0.31875 0.19106145251396647 0.240625 0.060335195530726256
13 0.31640625 0.31452513966480444 0.2453125 0.15083798882681565
1 0.278125 0.4474860335195531 0.15625 0.08268156424581005
7 0.31875 0.5519553072625698 0.240625 0.1005586592178771
10 0.06015625 0.33854748603351953 0.1203125 0.3553072625698324
8 0.49140625 0.26536312849162014 0.1046875 0.15754189944134078
9 0.4703125 0.3893854748603352 0.0625 0.061452513966480445
5 0.840625 0.10726256983240223 0.31875 0.1430167597765363
4 0.8375 0.2916201117318436 0.325 0.1452513966480447
13 0.84140625 0.505586592178771 0.3171875 0.20670391061452514
3 0.48671875 0.5664804469273743 0.0953125 0.08491620111731843
5 0.21953125 0.8055865921787709 0.4390625 0.3888268156424581