8 0.11060606060606061 0.20441595441595442 0.13434343434343435 0.05413105413105413
4 0.6328282828282829 0.10327635327635327 0.6151515151515151 0.1581196581196581
5 0.6434343434343435 0.3596866096866097 0.6343434343434343 0.35185185185185186
10 0.6449494949494949 0.5765669515669516 0.6212121212121212 0.07193732193732194
13 0.5116161616161616 0.6467236467236467 0.35858585858585856 0.06695156695156695
13 0.15303030303030302 0.8116096866096866 0.21717171717171718 0.08903133903133903
3 0.1398989898989899 0.8831908831908832 0.19292929292929292 0.05555555555555555
6 0.0994949494949495 0.6944444444444444 0.12222222222222222 0.14957264957264957
7 0.10555555555555556 0.5573361823361823 0.12828282828282828 0.11609686609686609
3 0.12777777777777777 0.43660968660968663 0.1686868686868687 0.09544159544159544
12 0.15151515151515152 0.3333333333333333 0.22626262626262628 0.08974358974358974
9 0.14242424242424243 0.2638888888888889 0.20606060606060606 0.04487179487179487
11 0.14595959595959596 0.10078347578347578 0.20505050505050504 0.14031339031339032