8 0.2484375 0.04581005586592179 0.1671875 0.0335195530726257
12 0.6953125 0.04022346368715084 0.546875 0.08044692737430167
3 0.56640625 0.10782122905027933 0.7609375 0.035754189944134075
4 0.778125 0.26033519553072626 0.3546875 0.2324022346368715
13 0.3046875 0.23128491620111732 0.5375 0.17094972067039105
5 0.30546875 0.5625698324022347 0.5421875 0.28268156424581004
2 0.20078125 0.7508379888268156 0.321875 0.05921787709497207
7 0.16796875 0.8581005586592179 0.2703125 0.0670391061452514
6 0.7546875 0.8089385474860336 0.2734375 0.07709497206703911
1 0.78125 0.5625698324022347 0.334375 0.2759776536312849
11 0.09375 0.050837988826815644 0.134375 0.10167597765363129