5 0.1859375 0.164804469273743 0.371875 0.28268156424581004
2 0.078125 0.3525139664804469 0.15625 0.05921787709497207
7 0.04921875 0.4480446927374302 0.0984375 0.042458100558659215
6 0.52578125 0.4106145251396648 0.2265625 0.07709497206703911
1 0.52421875 0.164804469273743 0.2296875 0.2759776536312849
5 0.81953125 0.3011173184357542 0.3609375 0.33631284916201115
9 0.69375 0.008379888268156424 0.109375 0.01675977653631285
12 0.81953125 0.048044692737430165 0.3609375 0.05810055865921788
4 0.84921875 0.5318435754189944 0.3015625 0.12513966480446928
10 0.8484375 0.9307262569832402 0.303125 0.13854748603351955
1 0.84765625 0.723463687150838 0.3046875 0.24692737430167597