8 0.33984375 0.04078212290502793 0.284375 0.02905027932960894
12 0.55625 0.08994413407821229 0.70625 0.030167597765363128
3 0.484375 0.15810055865921788 0.83125 0.034636871508379886
4 0.24609375 0.28938547486033517 0.4140625 0.21787709497206703
13 0.71953125 0.3446927374301676 0.384375 0.3329608938547486
2 0.7125 0.5932960893854748 0.375 0.12513966480446928
1 0.66484375 0.7178770949720671 0.284375 0.08379888268156424
7 0.678125 0.8268156424581006 0.3109375 0.1005586592178771
6 0.72421875 0.9217877094972067 0.4046875 0.05251396648044693
10 0.25234375 0.49553072625698324 0.4390625 0.15307262569832403
5 0.25546875 0.7217877094972067 0.434375 0.25921787709497207
9 0.34609375 0.06536312849162011 0.2921875 0.02569832402234637
11 0.10625 0.07094972067039106 0.1578125 0.09497206703910614