8 0.1671875 0.2011173184357542 0.15625 0.026815642458100558
9 0.18359375 0.23184357541899442 0.3546875 0.0223463687150838
12 0.690625 0.0664804469273743 0.571875 0.08491620111731843
5 0.678125 0.4251396648044693 0.5734375 0.6245810055865921
4 0.63203125 0.8273743016759777 0.471875 0.18100558659217877
10 0.640625 0.9463687150837988 0.490625 0.06480446927374302
6 0.175 0.9162011173184358 0.2796875 0.09608938547486033
13 0.17421875 0.7128491620111732 0.346875 0.28044692737430166
7 0.18828125 0.5106145251396648 0.3078125 0.09720670391061452
3 0.190625 0.35083798882681566 0.325 0.2
11 0.16484375 0.10670391061452514 0.1890625 0.1564245810055866