8 0.40060544904137235 0.04246966452533904 0.1977800201816347 0.027837259100642397
12 0.6125126135216953 0.13204853675945752 0.6417759838546923 0.0728051391862955
3 0.4989909182643794 0.19450392576730907 0.7699293642785066 0.026409707351891507
13 0.7840565085771948 0.4179157744468237 0.3612512613521695 0.3975731620271235
10 0.7800201816347124 0.7416131334760885 0.35721493440968716 0.23411848679514632
7 0.7815338042381433 0.9211277658815132 0.3602421796165489 0.11491791577444682
6 0.2951564076690212 0.9182726623840114 0.5317860746720484 0.11063526052819414
5 0.30272452068617556 0.6174161313347609 0.557013118062563 0.46538187009279086
4 0.3002018163471241 0.3019271948608137 0.5479313824419778 0.16274089935760172
9 0.40867810292633705 0.06566738044254104 0.21594349142280525 0.022840827980014276
11 0.16246215943491424 0.099214846538187 0.23007063572149344 0.16274089935760172