8 0.14934409687184663 0.04131054131054131 0.2260343087790111 0.02849002849002849
4 0.2598385469223007 0.3148148148148148 0.44702320887991925 0.21367521367521367
13 0.7260343087790111 0.32514245014245013 0.3905146316851665 0.23148148148148148
10 0.7447023208879919 0.6121794871794872 0.41372351160444 0.3198005698005698
7 0.6881937436932392 0.8379629629629629 0.3087790110998991 0.1103988603988604
5 0.260343087790111 0.657051282051282 0.450050454086781 0.42236467236467234
6 0.6881937436932392 0.9533475783475783 0.30272452068617556 0.09188034188034189
12 0.3884964682139253 0.11574074074074074 0.7103935418768921 0.0633903133903134
3 0.4853683148335015 0.17913105413105412 0.5711402623612513 0.023504273504273504
9 0.20080726538849647 0.06766381766381767 0.32896064581231077 0.02564102564102564
11 0.8703329969727548 0.08084045584045584 0.16649848637739656 0.11324786324786325