10 0.65234375 0.09832402234636871 0.3328125 0.19664804469273742
7 0.63671875 0.26256983240223464 0.309375 0.1106145251396648
5 0.21640625 0.1458100558659218 0.4328125 0.2916201117318436
1 0.2078125 0.3474860335195531 0.415625 0.08491620111731843
6 0.6359375 0.36089385474860336 0.303125 0.05810055865921788
8 0.2765625 0.482122905027933 0.1359375 0.08044692737430167
9 0.23984375 0.5385474860335195 0.0671875 0.02346368715083799
12 0.27890625 0.6581005586592179 0.1453125 0.1106145251396648
3 0.265625 0.8960893854748604 0.125 0.12625698324022347
5 0.50859375 0.9502793296089386 0.1765625 0.09944134078212291
11 0.475 0.611731843575419 0.2296875 0.37988826815642457
4 0.909375 0.4519553072625698 0.18125 0.12402234636871508
5 0.9296875 0.6508379888268156 0.140625 0.2558659217877095
13 0.909375 0.8446927374301676 0.18125 0.12513966480446928