5 0.2265625 0.11620111731843576 0.346875 0.2324022346368715
4 0.22890625 0.3229050279329609 0.3421875 0.18100558659217877
10 0.22890625 0.4424581005586592 0.3421875 0.06480446927374302
12 0.61640625 0.029608938547486034 0.4328125 0.05921787709497207
5 0.546875 0.3089385474860335 0.29375 0.3407821229050279
4 0.87421875 0.27039106145251396 0.2515625 0.2659217877094972
2 0.87421875 0.4541899441340782 0.2515625 0.05027932960893855
5 0.2 0.8681564245810056 0.4 0.2636871508379888
4 0.2 0.6027932960893855 0.4 0.24692737430167597
3 0.7984375 0.5944134078212291 0.31875 0.23016759776536314
7 0.80625 0.9 0.33125 0.01675977653631285
5 0.521875 0.6195530726256984 0.24375 0.28044692737430166
4 0.51171875 0.8843575418994414 0.2234375 0.23128491620111732
6 0.81484375 0.9564245810055866 0.3546875 0.08715083798882682
13 0.80859375 0.8251396648044693 0.3265625 0.11955307262569832