8 0.4 0.042458100558659215 0.196875 0.027932960893854747
12 0.6125 0.1318435754189944 0.640625 0.07262569832402235
3 0.49921875 0.19441340782122904 0.7703125 0.026815642458100558
13 0.784375 0.41787709497206704 0.3625 0.39776536312849164
10 0.7796875 0.7418994413407821 0.3578125 0.2346368715083799
7 0.78125 0.9212290502793297 0.3609375 0.11508379888268157
6 0.2953125 0.9184357541899442 0.5328125 0.1106145251396648
5 0.303125 0.61731843575419 0.55625 0.4659217877094972
4 0.3 0.30223463687150837 0.5484375 0.16312849162011173
9 0.40859375 0.0659217877094972 0.215625 0.02346368715083799
11 0.1625 0.09944134078212291 0.2296875 0.16312849162011173