8 0.16767676767676767 0.2012108262108262 0.15555555555555556 0.026353276353276354
9 0.18333333333333332 0.23183760683760685 0.35454545454545455 0.02207977207977208
12 0.6904040404040404 0.06659544159544159 0.5727272727272728 0.08475783475783476
5 0.6782828282828283 0.4252136752136752 0.5727272727272728 0.6239316239316239
4 0.6318181818181818 0.8276353276353277 0.4717171717171717 0.18091168091168092
10 0.6409090909090909 0.9462250712250713 0.4898989898989899 0.06481481481481481
6 0.17474747474747473 0.915954415954416 0.2787878787878788 0.09544159544159544
13 0.17424242424242425 0.7129629629629629 0.3464646464646465 0.28062678062678065
7 0.18787878787878787 0.5106837606837606 0.30707070707070705 0.09686609686609686
3 0.1904040404040404 0.3507834757834758 0.3242424242424242 0.20014245014245013
11 0.16515151515151516 0.10683760683760683 0.18888888888888888 0.15669515669515668