8 0.14921875 0.041340782122905026 0.2265625 0.02905027932960894
4 0.26015625 0.31508379888268156 0.4484375 0.21340782122905028
13 0.72578125 0.32513966480446926 0.390625 0.23128491620111732
10 0.7453125 0.6122905027932961 0.4140625 0.3206703910614525
7 0.68828125 0.8379888268156425 0.309375 0.1106145251396648
5 0.26015625 0.6569832402234637 0.45 0.4223463687150838
1 0.25078125 0.9335195530726257 0.4359375 0.10502793296089385
6 0.68828125 0.9530726256983241 0.303125 0.09162011173184358
12 0.3890625 0.11564245810055866 0.7109375 0.06368715083798883
3 0.48515625 0.1793296089385475 0.571875 0.02346368715083799
9 0.20078125 0.06759776536312849 0.3296875 0.02569832402234637
11 0.8703125 0.08044692737430167 0.165625 0.11284916201117319