8 0.18359375 0.010614525139664804 0.3546875 0.021229050279329607
9 0.18046875 0.03910614525139665 0.2609375 0.026815642458100558
3 0.18046875 0.5173184357541899 0.3609375 0.06480446927374302
6 0.18828125 0.4229050279329609 0.353125 0.11508379888268157
7 0.16328125 0.2966480446927374 0.3109375 0.11843575418994413
5 0.1375 0.8402234636871508 0.275 0.3195530726256983
11 0.3765625 0.6 0.046875 0.1005586592178771
13 0.35 0.8156424581005587 0.1 0.2770949720670391
12 0.1203125 0.6033519553072626 0.240625 0.10726256983240223
5 0.840625 0.6715083798882682 0.31875 0.2435754189944134
13 0.840625 0.9078212290502793 0.31875 0.18435754189944134