8 0.3113017154389506 0.04024216524216524 0.22704339051463168 0.027777777777777776
12 0.5544904137235116 0.09864672364672365 0.7073662966700303 0.0405982905982906
3 0.43541876892028253 0.16915954415954415 0.798183652875883 0.04344729344729345
13 0.7401614530776993 0.3005698005698006 0.4308779011099899 0.1794871794871795
10 0.7325933400605449 0.5662393162393162 0.40968718466195764 0.27635327635327633
7 0.6801210898082745 0.7852564102564102 0.3087790110998991 0.09757834757834757
6 0.6619576185671039 0.907051282051282 0.27447023208879917 0.08618233618233619
5 0.24974772956609487 0.6114672364672364 0.4228052472250252 0.37962962962962965
4 0.24924318869828457 0.29772079772079774 0.4318869828456105 0.17663817663817663
9 0.42785065590312815 0.06695156695156695 0.45408678102926336 0.021367521367521368
11 0.1099899091826438 0.07336182336182336 0.13319878910191726 0.09401709401709402