8 0.31171875 0.04022346368715084 0.228125 0.027932960893854747
12 0.5546875 0.09832402234636871 0.7078125 0.04022346368715084
3 0.43515625 0.16927374301675976 0.7984375 0.04357541899441341
13 0.73984375 0.3005586592178771 0.43125 0.17988826815642459
10 0.7328125 0.5664804469273743 0.409375 0.2770949720670391
7 0.68046875 0.7854748603351955 0.309375 0.09832402234636871
6 0.66171875 0.9072625698324023 0.275 0.08603351955307263
1 0.23125 0.8804469273743016 0.396875 0.09497206703910614
5 0.25 0.6111731843575419 0.4234375 0.3787709497206704
4 0.24921875 0.2977653631284916 0.4328125 0.17653631284916202
9 0.42734375 0.0670391061452514 0.4546875 0.021229050279329607
11 0.11015625 0.07318435754189945 0.1328125 0.09385474860335195