12 0.2 0.05977653631284916 0.4 0.048044692737430165
3 0.2 0.13910614525139664 0.4 0.07486033519553073
13 0.2734375 0.24692737430167597 0.253125 0.12067039106145251
1 0.2734375 0.43966480446927375 0.253125 0.2
12 0.72734375 0.04692737430167598 0.5453125 0.09385474860335195
5 0.7296875 0.3329608938547486 0.540625 0.4134078212290503
9 0.24375 0.5502793296089385 0.3125 0.021229050279329607
3 0.1984375 0.6396648044692738 0.25625 0.11731843575418995
5 0.23828125 0.8608938547486034 0.3234375 0.2782122905027933
5 0.69453125 0.6335195530726258 0.5890625 0.1877094972067039
4 0.6953125 0.8681564245810056 0.590625 0.2636871508379888