10 0.159375 0.253072625698324 0.31875 0.4949720670391061
10 0.871875 0.048044692737430165 0.25625 0.09608938547486033
1 0.86953125 0.19329608938547485 0.2609375 0.2100558659217877
13 0.8703125 0.3614525139664804 0.259375 0.15083798882681565
7 0.859375 0.4692737430167598 0.2265625 0.08268156424581005
2 0.87421875 0.5374301675977654 0.2515625 0.0446927374301676
4 0.484375 0.13966480446927373 0.33125 0.27932960893854747
5 0.5140625 0.4335195530726257 0.390625 0.25251396648044694
4 0.2046875 0.7899441340782123 0.228125 0.22569832402234638
3 0.5734375 0.5860335195530726 0.509375 0.05251396648044693
5 0.57421875 0.8044692737430168 0.5109375 0.39106145251396646
4 0.93671875 0.7402234636871509 0.1265625 0.2223463687150838