8 0.28515625 0.07094972067039106 0.1359375 0.02011173184357542
3 0.7125 0.08324022346368715 0.2 0.09385474860335195
9 0.3765625 0.10614525139664804 0.3140625 0.03910614525139665
3 0.7875 0.23798882681564246 0.3546875 0.12513966480446928
13 0.7828125 0.4251396648044693 0.3453125 0.20446927374301677
1 0.7875 0.6184357541899441 0.3515625 0.12625698324022347
2 0.784375 0.7513966480446927 0.3453125 0.0893854748603352
1 0.78125 0.894413407821229 0.34375 0.15307262569832403
10 0.3015625 0.8508379888268156 0.4796875 0.1441340782122905
5 0.3 0.6011173184357542 0.49375 0.30614525139664805
4 0.30625 0.2966480446927374 0.496875 0.25251396648044694
11 0.13046875 0.09385474860335195 0.14375 0.10502793296089385