3 0.59765625 0.01564245810055866 0.1984375 0.03128491620111732
9 0.26171875 0.013407821229050279 0.3140625 0.026815642458100558
3 0.62734375 0.13910614525139664 0.2640625 0.12402234636871508
13 0.62734375 0.29720670391061454 0.2640625 0.1452513966480447
4 0.21953125 0.19776536312849163 0.4390625 0.25251396648044694
11 0.04375 0.02346368715083799 0.0875 0.04692737430167598
13 0.8578125 0.09106145251396648 0.196875 0.1106145251396648
1 0.83671875 0.2011173184357542 0.1546875 0.0670391061452514
10 0.84921875 0.2865921787709497 0.1796875 0.061452513966480445
3 0.11640625 0.3854748603351955 0.2328125 0.03128491620111732
5 0.51328125 0.6391061452513966 0.4921875 0.5385474860335195
1 0.48359375 0.9625698324022346 0.4359375 0.07486033519553073
12 0.11640625 0.49553072625698324 0.2328125 0.1553072625698324
13 0.13046875 0.6547486033519553 0.2609375 0.16089385474860335
4 0.12734375 0.8240223463687151 0.2546875 0.15977653631284916
6 0.10703125 0.9614525139664805 0.2140625 0.07709497206703911
8 0.95234375 0.45977653631284915 0.0953125 0.02346368715083799
9 0.8 0.4620111731843575 0.08125 0.02569832402234637
13 0.78671875 0.8128491620111732 0.0546875 0.16424581005586592
5 0.94609375 0.7659217877094973 0.1078125 0.46368715083798884