8 0.3990196078431373 0.04772727272727273 0.18627450980392157 0.022727272727272728
9 0.41323529411764703 0.06856060606060606 0.22254901960784312 0.017424242424242425
12 0.4965686274509804 0.15946969696969698 0.861764705882353 0.04621212121212121
3 0.575 0.1071969696969697 0.55 0.056818181818181816
13 0.16519607843137254 0.2772727272727273 0.25980392156862747 0.18787878787878787
5 0.6245098039215686 0.3984848484848485 0.6176470588235294 0.4318181818181818
10 0.5465686274509803 0.703030303030303 0.46372549019607845 0.1590909090909091
4 0.6235294117647059 0.8742424242424243 0.615686274509804 0.1803030303030303
6 0.16715686274509803 0.9087121212121212 0.257843137254902 0.10227272727272728
7 0.22401960784313726 0.4268939393939394 0.14215686274509803 0.075
11 0.20245098039215687 0.08371212121212121 0.1303921568627451 0.10075757575757575