8 0.7 0.11620111731843576 0.4796875 0.03687150837988827
9 0.66484375 0.14134078212290502 0.371875 0.021229050279329607
12 0.68125 0.2111731843575419 0.503125 0.03798882681564246
10 0.69375 0.36089385474860336 0.4140625 0.17318435754189945
2 0.659375 0.5525139664804469 0.340625 0.18547486033519553
7 0.596875 0.7340782122905027 0.20625 0.15083798882681565
6 0.5640625 0.8932960893854749 0.140625 0.13072625698324022
4 0.20078125 0.40670391061452515 0.346875 0.2446927374301676
13 0.203125 0.6759776536312849 0.334375 0.2849162011173184
3 0.178125 0.9162011173184358 0.28125 0.15307262569832403
11 0.21171875 0.1670391061452514 0.278125 0.19888268156424582