8 0.5081967213114754 0.041852181656277826 0.3329129886506936 0.04096170970614425
9 0.6651954602774275 0.085040071237756 0.6443883984867591 0.03829029385574354
3 0.6418663303909206 0.13268032056990206 0.6002522068095839 0.04808548530721282
4 0.637452711223203 0.29697239536954584 0.6216897856242118 0.20035618878005343
10 0.6784363177805801 0.7938557435440784 0.6305170239596469 0.28227960819234194
12 0.16519546027742749 0.2769367764915405 0.3051702395964691 0.22439893143365983
13 0.1677175283732661 0.45814781834372215 0.31021437578814626 0.13802315227070347
13 0.16582597730138715 0.6402493321460374 0.3064312736443884 0.2226179875333927
7 0.16204287515762925 0.8183437221727515 0.30138713745271123 0.13000890471950133
6 0.1450189155107188 0.9260908281389136 0.24968474148802017 0.06233303650934995
11 0.15699873896595207 0.08593054318788958 0.223203026481715 0.1522707034728406