3 0.246875 0.035754189944134075 0.20625 0.04692737430167598
4 0.23984375 0.2005586592178771 0.2203125 0.2
2 0.2421875 0.42905027932960893 0.215625 0.18100558659217877
12 0.06015625 0.18044692737430168 0.1203125 0.2245810055865922
13 0.0625 0.36201117318435755 0.125 0.13854748603351955
13 0.0609375 0.5407821229050279 0.121875 0.21675977653631284
5 0.82890625 0.39497206703910615 0.3421875 0.5083798882681564
6 0.45625 0.5480446927374302 0.2125 0.13966480446927373
3 0.48515625 0.26033519553072626 0.2703125 0.18324022346368715
12 0.82109375 0.0776536312849162 0.3578125 0.07932960893854749
7 0.47265625 0.4094972067039106 0.2453125 0.09944134078212291
11 0.49375 0.06256983240223464 0.20625 0.12513966480446928
9 0.82265625 0.027374301675977653 0.3546875 0.034636871508379886
4 0.471875 0.740782122905028 0.24375 0.0670391061452514
13 0.675 0.8608938547486034 0.65 0.11508379888268157