8 0.215625 0.06201117318435754 0.1609375 0.02011173184357542
7 0.5546875 0.18547486033519553 0.05 0.12960893854748604
12 0.171875 0.20502793296089386 0.34375 0.030167597765363128
9 0.30234375 0.08994413407821229 0.3296875 0.03798882681564246
1 0.1375 0.27932960893854747 0.275 0.09162011173184358
11 0.05859375 0.1005586592178771 0.1171875 0.1564245810055866
12 0.1453125 0.4273743016759777 0.290625 0.1329608938547486
10 0.4671875 0.488268156424581 0.225 0.25921787709497207
1 0.46484375 0.7150837988826816 0.2296875 0.2100558659217877
13 0.465625 0.8832402234636871 0.228125 0.15083798882681565
7 0.46796875 0.9748603351955307 0.2234375 0.05027932960893855
4 0.13046875 0.659217877094972 0.2609375 0.2837988826815642
5 0.16015625 0.9145251396648044 0.3203125 0.17094972067039105
3 0.28984375 0.3458100558659218 0.5796875 0.012290502793296089
8 0.64140625 0.41675977653631285 0.1234375 0.024581005586592177
12 0.878125 0.44581005586592176 0.24375 0.08044692737430167
3 0.65625 0.806145251396648 0.153125 0.3877094972067039
5 0.87734375 0.6229050279329609 0.2453125 0.19329608938547485
5 0.87734375 0.788826815642458 0.2453125 0.11620111731843576
4 0.87578125 0.9335195530726257 0.2484375 0.1329608938547486
11 0.6125 0.5217877094972067 0.065625 0.15195530726256984