8 0.5227777777777778 0.036153846153846154 0.2388888888888889 0.03076923076923077
9 0.5211111111111111 0.07923076923076923 0.5488888888888889 0.03230769230769231
12 0.6455555555555555 0.16576923076923078 0.6755555555555556 0.11307692307692307
5 0.6472222222222223 0.44346153846153846 0.67 0.4176923076923077
4 0.6594444444444445 0.775 0.6677777777777778 0.22230769230769232
3 0.1438888888888889 0.34423076923076923 0.25666666666666665 0.12384615384615384
13 0.13277777777777777 0.5330769230769231 0.23 0.2
7 0.12444444444444444 0.7430769230769231 0.22666666666666666 0.1753846153846154
13 0.16722222222222222 0.8607692307692307 0.29888888888888887 0.052307692307692305
6 0.48777777777777775 0.9438461538461539 0.9133333333333333 0.0876923076923077
11 0.14444444444444443 0.17461538461538462 0.25555555555555554 0.18307692307692308