4 0.05703125 0.07597765363128492 0.1140625 0.13854748603351955
13 0.04375 0.2122905027932961 0.0875 0.09608938547486033
5 0.3859375 0.2 0.328125 0.4
9 0.59140625 0.01564245810055866 0.0828125 0.026815642458100558
3 0.71015625 0.08379888268156424 0.3203125 0.02011173184357542
4 0.828125 0.2569832402234637 0.34375 0.2860335195530726
12 0.65078125 0.5849162011173185 0.2015625 0.13966480446927373
7 0.615625 0.9268156424581006 0.13125 0.09050279329608939
3 0.6453125 0.4301675977653631 0.190625 0.060335195530726256
4 0.6625 0.7692737430167598 0.225 0.21787709497206703
5 0.90703125 0.7581005586592179 0.1859375 0.48379888268156424