10 0.28203125 0.1564245810055866 0.3734375 0.2636871508379888
7 0.25234375 0.37597765363128494 0.3203125 0.10614525139664804
6 0.26328125 0.48547486033519555 0.3296875 0.061452513966480445
8 0.8921875 0.012290502793296089 0.215625 0.024581005586592177
9 0.9015625 0.041340782122905026 0.196875 0.02011173184357542
12 0.8625 0.16983240223463686 0.275 0.11396648044692738
3 0.7828125 0.08826815642458101 0.434375 0.02011173184357542
3 0.59140625 0.2569832402234637 0.2125 0.2927374301675978
5 0.8625 0.4212290502793296 0.275 0.33743016759776534
7 0.59453125 0.4659217877094972 0.2046875 0.060335195530726256
5 0.8359375 0.7307262569832402 0.328125 0.28156424581005585
7 0.51171875 0.9446927374301676 0.0859375 0.1106145251396648
4 0.54375 0.7318435754189944 0.15 0.2435754189944134
13 0.83359375 0.9396648044692737 0.3328125 0.12067039106145251