8 0.18515625 0.04078212290502793 0.2515625 0.02905027932960894
12 0.2234375 0.1106145251396648 0.3234375 0.035754189944134075
3 0.83359375 0.09217877094972067 0.271875 0.13854748603351955
13 0.72265625 0.26256983240223464 0.3875 0.12737430167597766
2 0.74375 0.505586592178771 0.43125 0.29608938547486036
7 0.7328125 0.7251396648044692 0.421875 0.08826815642458101
6 0.6859375 0.8229050279329609 0.3234375 0.05921787709497207
4 0.25 0.3463687150837989 0.36875 0.3027932960893855
10 0.2625 0.7491620111731844 0.4015625 0.4402234636871508
9 0.20703125 0.07486033519553073 0.3046875 0.03910614525139665
11 0.4953125 0.08156424581005586 0.16875 0.11620111731843576