8 0.3875 0.08770949720670392 0.1609375 0.02011173184357542
3 0.8234375 0.08994413407821229 0.2203125 0.07486033519553073
7 0.81953125 0.211731843575419 0.234375 0.12960893854748604
13 0.82109375 0.36312849162011174 0.234375 0.1340782122905028
6 0.81640625 0.5189944134078213 0.2359375 0.1418994413407821
12 0.2921875 0.23128491620111732 0.4484375 0.030167597765363128
9 0.47421875 0.11564245810055866 0.328125 0.03798882681564246
1 0.2578125 0.30558659217877093 0.3796875 0.09162011173184358
4 0.3609375 0.4262569832402235 0.590625 0.11731843575418995
5 0.2984375 0.5553072625698324 0.465625 0.09385474860335195
13 0.20625 0.7536312849162011 0.2765625 0.2536312849162011
13 0.3609375 0.9301675977653632 0.5921875 0.05698324022346369
11 0.18046875 0.12681564245810056 0.2203125 0.1564245810055866