4 0.18359375 0.1441340782122905 0.3671875 0.288268156424581
13 0.13203125 0.346927374301676 0.2640625 0.10614525139664804
3 0.859375 0.05977653631284916 0.28125 0.11955307262569832
12 0.73984375 0.19832402234636873 0.5203125 0.10614525139664804
5 0.73984375 0.32513966480446926 0.5203125 0.14972067039106146
8 0.0609375 0.4681564245810056 0.121875 0.024581005586592177
4 0.05390625 0.6860335195530727 0.1078125 0.17653631284916202
13 0.33203125 0.7625698324022346 0.2953125 0.329608938547486
3 0.37890625 0.47039106145251397 0.2015625 0.08268156424581005
9 0.128125 0.49050279329608937 0.25625 0.0223463687150838
8 0.5859375 0.5145251396648045 0.2125 0.10614525139664804
9 0.57421875 0.617877094972067 0.1890625 0.04022346368715084
12 0.59140625 0.6787709497206704 0.2234375 0.061452513966480445
3 0.93359375 0.5134078212290503 0.1328125 0.09273743016759776
13 0.89609375 0.7446927374301676 0.2078125 0.2782122905027933
7 0.90234375 0.9614525139664805 0.1953125 0.07709497206703911
4 0.59375 0.8553072625698324 0.228125 0.22681564245810057