8 0.2609375 0.1 0.1890625 0.0670391061452514
7 0.74296875 0.11787709497206704 0.3578125 0.1005586592178771
2 0.7359375 0.37094972067039106 0.3421875 0.37988826815642457
4 0.73046875 0.658659217877095 0.3265625 0.1653631284916201
10 0.7296875 0.8201117318435754 0.3375 0.12625698324022347
13 0.25546875 0.7743016759776536 0.3515625 0.16424581005586592
6 0.21640625 0.8927374301675978 0.2734375 0.05027932960893855
12 0.26015625 0.3888268156424581 0.3609375 0.10614525139664804
4 0.25390625 0.5675977653631284 0.346875 0.21787709497206703
3 0.2578125 0.28547486033519553 0.2578125 0.05139664804469274
11 0.25625 0.2 0.1578125 0.11173184357541899