10 0.3234375 0.15139664804469274 0.325 0.2223463687150838
5 0.3484375 0.3424581005586592 0.38125 0.1329608938547486
7 0.0578125 0.30223463687150837 0.115625 0.1106145251396648
13 0.0546875 0.11284916201117319 0.109375 0.22569832402234638
12 0.66171875 0.30223463687150837 0.2453125 0.1553072625698324
5 0.93515625 0.15251396648044693 0.1296875 0.30502793296089387
4 0.934375 0.3715083798882682 0.13125 0.07486033519553073
3 0.66328125 0.12346368715083798 0.2484375 0.09273743016759776
5 0.81796875 0.47374301675977654 0.3640625 0.09608938547486033
7 0.81796875 0.6368715083798883 0.3640625 0.14972067039106146
13 0.8171875 0.7983240223463687 0.365625 0.11731843575418995
6 0.81875 0.9335195530726257 0.3625 0.05698324022346369
4 0.5640625 0.5826815642458101 0.05 0.12402234636871508