1 0.39296875 0.05865921787709497 0.3328125 0.11731843575418995
13 0.3984375 0.23631284916201117 0.340625 0.20670391061452514
4 0.084375 0.22513966480446929 0.16875 0.22905027932960895
5 0.48046875 0.5 0.1765625 0.3206703910614525
4 0.47578125 0.8547486033519553 0.1859375 0.2905027932960894
8 0.14296875 0.7212290502793296 0.265625 0.041340782122905026
9 0.1484375 0.7608938547486034 0.1765625 0.026815642458100558
3 0.15234375 0.9 0.246875 0.16312849162011173
11 0.1703125 0.47150837988826816 0.340625 0.2636871508379888
5 0.9421875 0.8346368715083798 0.115625 0.3039106145251397
12 0.671875 0.40391061452513966 0.20625 0.12849162011173185
7 0.70859375 0.5318435754189944 0.2796875 0.07150837988826815
13 0.67265625 0.6966480446927374 0.2078125 0.18435754189944134
6 0.6734375 0.912290502793296 0.209375 0.17541899441340783
11 0.8984375 0.3743016759776536 0.203125 0.06927374301675977