8 0.19296875 0.07318435754189945 0.2671875 0.027932960893854747
9 0.24609375 0.10335195530726257 0.3734375 0.02011173184357542
3 0.33515625 0.13016759776536313 0.5375 0.03240223463687151
5 0.30625 0.33910614525139665 0.509375 0.3396648044692737
10 0.77734375 0.264804469273743 0.346875 0.2011173184357542
1 0.77265625 0.453072625698324 0.3328125 0.1441340782122905
13 0.78984375 0.6770949720670391 0.3625 0.2737430167597765
2 0.78828125 0.8966480446927374 0.3671875 0.10391061452513967
7 0.30234375 0.9150837988826815 0.496875 0.0893854748603352
4 0.3015625 0.6793296089385474 0.4953125 0.3240223463687151
11 0.86875 0.1 0.146875 0.1005586592178771