8 0.18359375 0.23798882681564246 0.1953125 0.08044692737430167
4 0.6609375 0.10335195530726257 0.5921875 0.19329608938547485
5 0.66953125 0.35195530726256985 0.609375 0.25921787709497207
1 0.6796875 0.5983240223463687 0.628125 0.17094972067039105
5 0.67890625 0.8424581005586592 0.6203125 0.2905027932960894
9 0.18359375 0.3240223463687151 0.321875 0.08268156424581005
3 0.18671875 0.44692737430167595 0.2984375 0.10837988826815642
13 0.159375 0.646927374301676 0.275 0.23016759776536314
7 0.15390625 0.8078212290502793 0.26875 0.08491620111731843
6 0.1859375 0.9201117318435754 0.3359375 0.13743016759776536
11 0.184375 0.09553072625698324 0.2578125 0.18324022346368715