9 0.10703125 0.016201117318435754 0.2140625 0.03240223463687151
13 0.41484375 0.12793296089385475 0.1296875 0.08156424581005586
10 0.41484375 0.37374301675977656 0.1296875 0.3318435754189944
5 0.1265625 0.4173184357541899 0.253125 0.11508379888268157
2 0.115625 0.5229050279329609 0.23125 0.0335195530726257
4 0.128125 0.20670391061452514 0.25625 0.2324022346368715
11 0.32578125 0.03128491620111732 0.1546875 0.06256983240223464
8 0.64609375 0.010614525139664804 0.3328125 0.021229050279329607
12 0.73984375 0.10782122905027933 0.5203125 0.09720670391061452
5 0.73984375 0.3536312849162011 0.5203125 0.2782122905027933
3 0.1234375 0.5536312849162012 0.246875 0.027932960893854747
5 0.23984375 0.7256983240223464 0.4796875 0.23798882681564246
5 0.23984375 0.9189944134078212 0.4796875 0.1106145251396648
3 0.534375 0.6039106145251396 0.109375 0.06815642458100558
4 0.73984375 0.8536312849162011 0.5203125 0.2927374301675978
11 0.925 0.5966480446927375 0.15 0.11396648044692738