8 0.190625 0.04189944134078212 0.2625 0.030167597765363128
9 0.22421875 0.08156424581005586 0.3234375 0.042458100558659215
3 0.8359375 0.07206703910614524 0.2671875 0.10837988826815642
13 0.71171875 0.19888268156424582 0.378125 0.08268156424581005
10 0.7359375 0.4871508379888268 0.4265625 0.41787709497206704
7 0.71796875 0.770949720670391 0.3953125 0.09497206703910614
6 0.6890625 0.8787709497206704 0.321875 0.055865921787709494
5 0.24140625 0.488268156424581 0.3671875 0.11508379888268157
2 0.2328125 0.6016759776536312 0.340625 0.05027932960893855
4 0.24453125 0.2776536312849162 0.3671875 0.2335195530726257
11 0.4984375 0.07932960893854749 0.15625 0.10949720670391061