8 0.1296875 0.06089385474860335 0.19375 0.07486033519553073
3 0.68984375 0.1005586592178771 0.5609375 0.0659217877094972
9 0.175 0.12793296089385475 0.29375 0.048044692737430165
13 0.34375 0.2687150837988827 0.6328125 0.15195530726256984
12 0.828125 0.388268156424581 0.2390625 0.17206703910614526
13 0.82578125 0.629608938547486 0.2421875 0.29720670391061454
7 0.8078125 0.8256983240223463 0.20625 0.08268156424581005
6 0.82578125 0.9033519553072625 0.2421875 0.0659217877094972
4 0.3515625 0.8134078212290503 0.640625 0.1430167597765363
5 0.3515625 0.5491620111731843 0.6390625 0.37094972067039106
11 0.82734375 0.23966480446927374 0.1421875 0.10837988826815642