8 0.27565392354124746 0.06481481481481481 0.11267605633802817 0.01566951566951567
3 0.7982897384305835 0.07977207977207977 0.24446680080482897 0.08831908831908832
13 0.8093561368209256 0.33938746438746437 0.27062374245472837 0.37962962962962965
7 0.7796780684104627 0.6004273504273504 0.21730382293762576 0.12535612535612536
6 0.790241448692153 0.7742165242165242 0.2323943661971831 0.0584045584045584
3 0.7731388329979879 0.8436609686609686 0.20422535211267606 0.057692307692307696
9 0.40090543259557343 0.09864672364672365 0.36519114688128773 0.03917378917378917
12 0.33400402414486924 0.1752136752136752 0.5573440643863179 0.06267806267806268
4 0.3345070422535211 0.2702991452991453 0.5482897384305835 0.10754985754985755
5 0.3299798792756539 0.3888888888888889 0.5392354124748491 0.10826210826210826
10 0.2987927565392354 0.5267094017094017 0.47484909456740443 0.13319088319088318
11 0.13279678068410464 0.08903133903133903 0.14285714285714285 0.09971509971509972