8 0.27578125 0.06480446927374302 0.1125 0.01675977653631285
3 0.7984375 0.07988826815642458 0.2453125 0.08826815642458101
13 0.809375 0.33910614525139665 0.2703125 0.37988826815642457
7 0.7796875 0.6005586592178771 0.21875 0.12625698324022347
1 0.76640625 0.7061452513966481 0.190625 0.05921787709497207
6 0.790625 0.7743016759776536 0.2328125 0.05921787709497207
3 0.7734375 0.8435754189944135 0.2046875 0.05810055865921788
9 0.40078125 0.09888268156424582 0.365625 0.03910614525139665
12 0.33359375 0.17541899441340783 0.5578125 0.06256983240223464
4 0.334375 0.27039106145251396 0.5484375 0.10726256983240223
5 0.3296875 0.3888268156424581 0.5390625 0.10837988826815642
10 0.2984375 0.5268156424581005 0.475 0.1329608938547486
2 0.26640625 0.735195530726257 0.4125 0.2569832402234637
1 0.30625 0.9290502793296089 0.5015625 0.10391061452513967
11 0.1328125 0.0888268156424581 0.1421875 0.09944134078212291