8 0.1976010101010101 0.03873552983081033 0.27904040404040403 0.034728406055209264
12 0.21085858585858586 0.11798753339269813 0.3005050505050505 0.05075690115761353
5 0.3125 0.4781834372217275 0.5265151515151515 0.6019590382902938
4 0.32007575757575757 0.8579697239536954 0.523989898989899 0.15405164737310775
7 0.6799242424242424 0.8174532502226179 0.11237373737373738 0.09082813891362422
6 0.7373737373737373 0.9470169189670525 0.255050505050505 0.07390917186108638
3 0.82260101010101 0.08281389136242208 0.2866161616161616 0.13178984861976847
13 0.7815656565656566 0.2346393588601959 0.33080808080808083 0.11843276936776491
10 0.7954545454545454 0.3869100623330365 0.3383838383838384 0.13446126447016918
9 0.16035353535353536 0.07212822796081923 0.21464646464646464 0.03383793410507569
11 0.5050505050505051 0.08414959928762245 0.1691919191919192 0.11843276936776491