8 0.19765625 0.03910614525139665 0.2796875 0.034636871508379886
12 0.2109375 0.11787709497206704 0.3015625 0.05139664804469274
5 0.3125 0.4782122905027933 0.5265625 0.6022346368715084
4 0.3203125 0.8575418994413407 0.525 0.15418994413407822
1 0.759375 0.5402234636871508 0.2734375 0.17430167597765364
2 0.78203125 0.6994413407821229 0.325 0.11843575418994413
7 0.68046875 0.8178770949720671 0.1125 0.09162011173184358
6 0.7375 0.946927374301676 0.2546875 0.07486033519553073
3 0.82265625 0.08268156424581005 0.2875 0.1318435754189944
13 0.78125 0.2346368715083799 0.33125 0.11955307262569832
10 0.7953125 0.3871508379888268 0.3390625 0.13519553072625698
9 0.16015625 0.07206703910614524 0.215625 0.0335195530726257
11 0.5046875 0.08435754189944134 0.16875 0.11843575418994413