8 0.12990196078431374 0.06098484848484848 0.19509803921568628 0.075
3 0.6901960784313725 0.10075757575757575 0.5607843137254902 0.06515151515151515
9 0.175 0.12765151515151515 0.2931372549019608 0.04772727272727273
13 0.34362745098039216 0.2689393939393939 0.6323529411764706 0.15151515151515152
12 0.8284313725490197 0.38825757575757575 0.23921568627450981 0.17196969696969697
13 0.8254901960784313 0.6295454545454545 0.2411764705882353 0.296969696969697
7 0.807843137254902 0.8257575757575758 0.20588235294117646 0.08333333333333333
6 0.8254901960784313 0.9034090909090909 0.2411764705882353 0.0659090909090909
4 0.3519607843137255 0.8132575757575757 0.6411764705882353 0.1431818181818182
5 0.3514705882352941 0.5492424242424242 0.638235294117647 0.3712121212121212
11 0.8269607843137254 0.23977272727272728 0.14215686274509803 0.10833333333333334