13 0.184375 0.035754189944134075 0.36875 0.07150837988826815
5 0.18984375 0.2748603351955307 0.3796875 0.3687150837988827
13 0.06640625 0.924022346368715 0.1328125 0.15195530726256984
3 0.053125 0.7089385474860335 0.10625 0.16871508379888267
5 0.30625 0.6307262569832403 0.246875 0.34301675977653634
4 0.31015625 0.8854748603351955 0.2390625 0.19106145251396647
3 0.9375 0.6134078212290502 0.125 0.20782122905027933
13 0.93671875 0.852513966480447 0.1265625 0.18994413407821228
4 0.54921875 0.8178770949720671 0.2390625 0.20782122905027933
12 0.48984375 0.5849162011173185 0.1203125 0.16201117318435754
11 0.70859375 0.6290502793296089 0.15625 0.17318435754189945