13 0.43671875 0.22960893854748604 0.1453125 0.2916201117318436
5 0.44375 0.46033519553072627 0.13125 0.17430167597765364
10 0.14765625 0.12960893854748604 0.2953125 0.25921787709497207
2 0.14765625 0.4044692737430168 0.2953125 0.2770949720670391
8 0.90390625 0.034636871508379886 0.1265625 0.053631284916201116
9 0.91328125 0.07094972067039106 0.146875 0.01899441340782123
12 0.91875 0.1212290502793296 0.1625 0.05027932960893855
4 0.83828125 0.24692737430167597 0.3234375 0.12960893854748604
5 0.8359375 0.43910614525139663 0.328125 0.15865921787709497
5 0.36171875 0.7748603351955308 0.2953125 0.45027932960893857
3 0.1015625 0.5972067039106145 0.203125 0.09497206703910614
4 0.10234375 0.7245810055865922 0.2046875 0.15083798882681565
13 0.078125 0.9050279329608939 0.15625 0.18994413407821228