8 0.18232323232323233 0.033190578158458245 0.2595959595959596 0.02212705210563883
12 0.3560606060606061 0.10492505353319058 0.592929292929293 0.055674518201284794
3 0.8404040404040404 0.244825124910778 0.2202020202020202 0.11705924339757316
7 0.8434343434343434 0.4011420413990007 0.2383838383838384 0.16274089935760172
13 0.843939393939394 0.5827980014275518 0.23939393939393938 0.16202712348322626
6 0.8 0.7284082798001428 0.15555555555555556 0.08636688079942897
13 0.30454545454545456 0.6527480371163454 0.5040404040404041 0.23625981441827265
13 0.29747474747474745 0.8361884368308351 0.49595959595959593 0.09350463954318344
4 0.3095959595959596 0.3997144896502498 0.5202020202020202 0.24696645253390434
5 0.21262626262626264 0.19878658101356175 0.3181818181818182 0.09493219129193434
9 0.24343434343434345 0.0635260528194147 0.37777777777777777 0.03283369022127052
11 0.847979797979798 0.0960028551034975 0.20505050505050504 0.14632405424696646