8 0.18203125 0.0335195530726257 0.259375 0.0223463687150838
12 0.35546875 0.10502793296089385 0.5921875 0.055865921787709494
3 0.840625 0.2446927374301676 0.2203125 0.11731843575418995
7 0.84296875 0.4011173184357542 0.2390625 0.16312849162011173
13 0.84375 0.5826815642458101 0.240625 0.16201117318435754
6 0.8 0.7284916201117319 0.15625 0.08603351955307263
13 0.3046875 0.653072625698324 0.5046875 0.23687150837988827
13 0.29765625 0.8363128491620112 0.496875 0.09385474860335195
4 0.309375 0.4 0.5203125 0.24692737430167597
5 0.2125 0.19888268156424582 0.31875 0.09497206703910614
9 0.24375 0.06368715083798883 0.378125 0.03240223463687151
11 0.8484375 0.09608938547486033 0.20625 0.1463687150837989