12 0.11328125 0.022905027932960894 0.2265625 0.04581005586592179
13 0.065625 0.5653631284916201 0.13125 0.23687150837988827
4 0.071875 0.31229050279329607 0.14375 0.24692737430167597
3 0.6890625 0.03798882681564246 0.328125 0.07597765363128492
12 0.659375 0.16424581005586592 0.68125 0.0446927374301676
13 0.659375 0.3089385474860335 0.68125 0.14860335195530727
5 0.659375 0.593854748603352 0.68125 0.3318435754189944
8 0.3671875 0.8715083798882681 0.096875 0.07597765363128492
9 0.3671875 0.929608938547486 0.096875 0.026815642458100558
3 0.35 0.9804469273743017 0.0625 0.03910614525139665
11 0.7 0.9139664804469274 0.240625 0.17206703910614526