8 0.2765625 0.05977653631284916 0.20625 0.0223463687150838
12 0.5671875 0.12011173184357542 0.7890625 0.042458100558659215
4 0.64296875 0.2608938547486033 0.484375 0.17653631284916202
5 0.684375 0.5385474860335195 0.565625 0.3039106145251397
13 0.67578125 0.7843575418994413 0.55 0.11843575418994413
2 0.55234375 0.9262569832402234 0.2953125 0.09832402234636871
7 0.178125 0.8966480446927374 0.2734375 0.09497206703910614
5 0.17578125 0.7899441340782123 0.26875 0.07709497206703911
10 0.18984375 0.5027932960893855 0.2984375 0.4480446927374302
3 0.16015625 0.2217877094972067 0.225 0.08156424581005586
9 0.29453125 0.08491620111731843 0.2484375 0.02569832402234637
11 0.09375 0.08994413407821229 0.1140625 0.07709497206703911