8 0.27626262626262627 0.059957173447537475 0.20505050505050504 0.022840827980014276
12 0.5671717171717172 0.12027123483226267 0.7888888888888889 0.042112776588151324
4 0.6429292929292929 0.26088508208422556 0.48383838383838385 0.1763026409707352
5 0.6843434343434344 0.538543897216274 0.5646464646464646 0.3033547466095646
13 0.6757575757575758 0.7844396859386152 0.5494949494949495 0.11848679514632406
7 0.17777777777777778 0.8968593861527481 0.2727272727272727 0.09493219129193434
5 0.17575757575757575 0.7901498929336188 0.2686868686868687 0.07708779443254818
10 0.1904040404040404 0.5028551034975017 0.29797979797979796 0.4475374732334047
3 0.1601010101010101 0.22162740899357602 0.22525252525252526 0.08208422555317631
9 0.29444444444444445 0.08458244111349036 0.2474747474747475 0.024982155603140613
11 0.09343434343434344 0.08993576017130621 0.11414141414141414 0.07708779443254818