5 0.334375 0.10782122905027933 0.209375 0.21564245810055865
13 0.09609375 0.11675977653631285 0.1921875 0.2335195530726257
1 0.08671875 0.2709497206703911 0.1734375 0.07709497206703911
5 0.21953125 0.5536312849162012 0.4390625 0.488268156424581
4 0.14296875 0.9027932960893855 0.2859375 0.1340782122905028
8 0.76328125 0.4452513966480447 0.30625 0.054748603351955305
12 0.790625 0.5201117318435754 0.3609375 0.04581005586592179
4 0.6953125 0.6837988826815642 0.465625 0.09385474860335195
5 0.7125 0.9050279329608939 0.5 0.18994413407821228
13 0.6828125 0.7636871508379889 0.4296875 0.041340782122905026
3 0.69140625 0.5670391061452514 0.4515625 0.03240223463687151
11 0.53203125 0.4731843575418994 0.109375 0.12402234636871508
9 0.70703125 0.48435754189944136 0.2 0.021229050279329607