8 0.31015625 0.06368715083798883 0.1453125 0.07039106145251396
9 0.3484375 0.12290502793296089 0.228125 0.02569832402234637
4 0.70625 0.23798882681564246 0.5390625 0.1463687150837989
5 0.67578125 0.6106145251396649 0.478125 0.5307262569832403
12 0.2265625 0.2636871508379888 0.4 0.1553072625698324
1 0.20859375 0.44860335195530726 0.4078125 0.19217877094972066
6 0.14609375 0.5782122905027933 0.275 0.06368715083798883
13 0.2078125 0.6486033519553073 0.396875 0.05251396648044693
7 0.15 0.7340782122905027 0.28125 0.10949720670391061
13 0.1546875 0.8581005586592179 0.2671875 0.1418994413407821
3 0.8125 0.07709497206703911 0.3546875 0.1463687150837989
11 0.1359375 0.09217877094972067 0.2 0.17206703910614526