8 0.1734375 0.23966480446927374 0.2921875 0.06368715083798883
9 0.17421875 0.32849162011173183 0.240625 0.05251396648044693
3 0.146875 0.4541899441340782 0.278125 0.1005586592178771
7 0.103125 0.5748603351955307 0.1703125 0.10837988826815642
6 0.1203125 0.7932960893854749 0.1640625 0.16759776536312848
12 0.64453125 0.11955307262569832 0.5625 0.1564245810055866
5 0.64609375 0.37988826815642457 0.578125 0.3396648044692737
4 0.66484375 0.646927374301676 0.584375 0.1463687150837989
13 0.66640625 0.8039106145251397 0.59375 0.16759776536312848
1 0.61015625 0.9402234636871508 0.484375 0.10726256983240223
11 0.17734375 0.09776536312849161 0.2984375 0.17541899441340783