5 0.2453125 0.28547486033519553 0.36875 0.4480446927374302
5 0.74921875 0.37206703910614525 0.5015625 0.2748603351955307
13 0.690625 0.12681564245810056 0.396875 0.18994413407821228
3 0.821875 0.004469273743016759 0.35625 0.008938547486033519
13 0.2171875 0.5636871508379888 0.425 0.10837988826815642
1 0.21640625 0.729050279329609 0.4265625 0.2022346368715084
6 0.2171875 0.9139664804469274 0.425 0.13631284916201117
9 0.7125 0.5798882681564246 0.565625 0.14078212290502792
4 0.8625 0.7508379888268156 0.275 0.14748603351955308
13 0.8203125 0.9301675977653632 0.18125 0.13966480446927373
5 0.56953125 0.8385474860335196 0.2796875 0.3229050279329609