8 0.6109375 0.020670391061452513 0.303125 0.0335195530726257
9 0.60546875 0.04022346368715084 0.384375 0.017877094972067038
3 0.63984375 0.06871508379888268 0.64375 0.049162011173184354
4 0.596875 0.17262569832402236 0.5578125 0.15865921787709497
5 0.65546875 0.5625698324022347 0.65625 0.605586592178771
10 0.65 0.9055865921787709 0.6328125 0.08044692737430167
6 0.56328125 0.9687150837988827 0.4390625 0.03687150837988827
12 0.1640625 0.23184357541899442 0.290625 0.11508379888268157
13 0.1609375 0.394413407821229 0.296875 0.16759776536312848
13 0.12265625 0.5743016759776536 0.2375 0.11843575418994413
2 0.16015625 0.7698324022346369 0.3171875 0.23128491620111732
7 0.15625 0.9424581005586592 0.309375 0.07709497206703911
11 0.175 0.08770949720670392 0.2078125 0.14972067039106146