9 0.640625 0.0664804469273743 0.65 0.07932960893854749
8 0.49296875 0.12681564245810056 0.209375 0.02569832402234637
12 0.67109375 0.2201117318435754 0.6 0.12513966480446928
4 0.64765625 0.3318435754189944 0.546875 0.09832402234636871
5 0.625 0.5128491620111731 0.5390625 0.25921787709497207
10 0.65625 0.8145251396648044 0.625 0.2994413407821229
3 0.178125 0.24189944134078212 0.3265625 0.1217877094972067
13 0.1703125 0.5089385474860335 0.2296875 0.32849162011173183
2 0.1890625 0.7122905027932961 0.26875 0.05810055865921788
1 0.18359375 0.8094972067039106 0.2546875 0.11955307262569832
7 0.1609375 0.924022346368715 0.21875 0.08491620111731843
11 0.19296875 0.08379888268156424 0.2421875 0.15977653631284916