8 0.5625 0.08948863636363637 0.4534313725490196 0.04261363636363636
9 0.5723039215686274 0.14678030303030304 0.22549019607843138 0.03787878787878788
5 0.65625 0.3409090909090909 0.5919117647058824 0.2765151515151515
4 0.6697303921568627 0.6287878787878788 0.6237745098039216 0.2935606060606061
13 0.4644607843137255 0.8423295454545454 0.20098039215686275 0.13541666666666666
7 0.7346813725490197 0.821969696969697 0.20220588235294118 0.0946969696969697
6 0.48713235294117646 0.9417613636363636 0.24632352941176472 0.04640151515151515
13 0.17708333333333334 0.5890151515151515 0.34191176470588236 0.17234848484848486
3 0.1568627450980392 0.4403409090909091 0.24019607843137256 0.08901515151515152
12 0.17708333333333334 0.29450757575757575 0.30269607843137253 0.18181818181818182
11 0.16482843137254902 0.09706439393939394 0.20465686274509803 0.1543560606060606