8 0.58203125 0.0446927374301676 0.415625 0.026815642458100558
9 0.5828125 0.0670391061452514 0.415625 0.021229050279329607
3 0.6484375 0.10558659217877095 0.5390625 0.041340782122905026
12 0.303125 0.19441340782122904 0.4734375 0.06927374301675977
5 0.3125 0.37318435754189944 0.4796875 0.27150837988826815
10 0.309375 0.6826815642458101 0.475 0.3418994413407821
2 0.740625 0.9167597765363128 0.2796875 0.08491620111731843
6 0.74140625 0.8072625698324022 0.28125 0.11508379888268157
7 0.684375 0.6754189944134078 0.1671875 0.12960893854748604
1 0.73046875 0.5167597765363129 0.265625 0.16983240223463686
13 0.7609375 0.36033519553072624 0.3171875 0.11508379888268157
4 0.74375 0.22849162011173185 0.2859375 0.1318435754189944
11 0.16484375 0.08324022346368715 0.184375 0.1217877094972067