8 0.5821744627054362 0.044642857142857144 0.415929203539823 0.026785714285714284
9 0.5834386852085968 0.06696428571428571 0.415929203539823 0.02142857142857143
3 0.6485461441213654 0.10535714285714286 0.538558786346397 0.04107142857142857
12 0.3034134007585335 0.19419642857142858 0.47281921618204803 0.06875
5 0.31289506953223767 0.3732142857142857 0.47914032869785084 0.2714285714285714
10 0.309102402022756 0.6825892857142857 0.4740834386852086 0.3419642857142857
6 0.7414664981036663 0.8071428571428572 0.28192161820480405 0.11607142857142858
7 0.683944374209861 0.6754464285714286 0.16687737041719342 0.12946428571428573
13 0.7604298356510746 0.36026785714285714 0.3173198482932996 0.11517857142857142
4 0.7433628318584071 0.22857142857142856 0.2857142857142857 0.13214285714285715
11 0.1649810366624526 0.08348214285714285 0.18331226295828065 0.12232142857142857