8 0.48828125 0.12793296089385475 0.2125 0.030167597765363128
9 0.640625 0.0664804469273743 0.65625 0.0670391061452514
12 0.675 0.2240223463687151 0.603125 0.11508379888268157
4 0.6453125 0.3324022346368715 0.5421875 0.09720670391061452
5 0.615625 0.5156424581005586 0.5109375 0.2737430167597765
10 0.64765625 0.8150837988826816 0.60625 0.3027932960893855
3 0.17734375 0.24525139664804468 0.325 0.12402234636871508
13 0.1765625 0.5078212290502794 0.2390625 0.329608938547486
2 0.16484375 0.7134078212290503 0.2265625 0.060335195530726256
1 0.17890625 0.8122905027932961 0.246875 0.11843575418994413
7 0.1625 0.9245810055865922 0.2125 0.08379888268156424
11 0.1921875 0.08826815642458101 0.228125 0.16424581005586592