8 0.31328125 0.054748603351955305 0.253125 0.02905027932960894
9 0.34375 0.09329608938547486 0.31875 0.05698324022346369
3 0.63203125 0.07374301675977654 0.20625 0.0659217877094972
13 0.7203125 0.30558659217877093 0.4234375 0.2871508379888268
10 0.73359375 0.5698324022346368 0.453125 0.20782122905027933
7 0.7171875 0.7748603351955308 0.4171875 0.15083798882681565
6 0.59453125 0.917877094972067 0.1765625 0.11284916201117319
5 0.25703125 0.6955307262569832 0.415625 0.4782122905027933
3 0.19140625 0.18491620111731844 0.2953125 0.054748603351955305
4 0.2515625 0.33128491620111733 0.4046875 0.19664804469273742
11 0.103125 0.07206703910614524 0.115625 0.0893854748603352