8 0.40625 0.09385474860335195 0.1875 0.02905027932960894
9 0.371875 0.0329608938547486 0.25625 0.0659217877094972
12 0.40234375 0.18994413407821228 0.1953125 0.11396648044692738
4 0.40234375 0.29832402234636873 0.1953125 0.09608938547486033
5 0.3953125 0.42178770949720673 0.209375 0.1553072625698324
3 0.13515625 0.211731843575419 0.2703125 0.12402234636871508
13 0.11328125 0.4044692737430168 0.2265625 0.18994413407821228
11 0.12265625 0.06815642458100558 0.2265625 0.13631284916201117
8 0.8234375 0.10446927374301676 0.353125 0.03240223463687151
3 0.821875 0.16201117318435754 0.35625 0.05810055865921788
12 0.75 0.2687150837988827 0.5 0.10614525139664804
4 0.75 0.4201117318435754 0.5 0.15865921787709497
11 0.528125 0.11284916201117319 0.05625 0.15865921787709497
5 0.30234375 0.6217877094972067 0.3953125 0.2446927374301676
4 0.30234375 0.8932960893854749 0.3953125 0.21340782122905028
5 0.84609375 0.6932960893854748 0.3078125 0.3877094972067039
13 0.84921875 0.9558659217877095 0.3015625 0.07932960893854749
7 0.584375 0.5402234636871508 0.16875 0.08156424581005586
2 0.5859375 0.740782122905028 0.171875 0.15418994413407822
6 0.58359375 0.9201117318435754 0.1671875 0.07262569832402235