8 0.21796875 0.027374301675977653 0.4234375 0.027932960893854747
9 0.30703125 0.05418994413407821 0.3546875 0.027932960893854747
3 0.36328125 0.1223463687150838 0.715625 0.02011173184357542
5 0.253125 0.37262569832402237 0.4875 0.4446927374301676
4 0.75234375 0.3011173184357542 0.490625 0.29720670391061454
7 0.634375 0.5094972067039106 0.234375 0.11284916201117319
13 0.71484375 0.6603351955307263 0.4015625 0.1787709497206704
1 0.66484375 0.8245810055865922 0.31875 0.1452513966480447
6 0.71875 0.9340782122905028 0.41875 0.05921787709497207
5 0.25 0.788826815642458 0.48125 0.38212290502793295
11 0.9171875 0.06312849162011173 0.165625 0.12290502793296089