8 0.31313131313131315 0.054415700267618196 0.25252525252525254 0.028545941123996433
9 0.3434343434343434 0.09322033898305085 0.3181818181818182 0.056199821587867974
3 0.6319444444444444 0.07404103479036575 0.2058080808080808 0.06601248884924175
13 0.7203282828282829 0.3055307760927743 0.42297979797979796 0.2863514719000892
10 0.7335858585858586 0.5700267618198037 0.45454545454545453 0.20695807314897413
7 0.7171717171717171 0.7747546833184656 0.4166666666666667 0.15075825156110614
6 0.5940656565656566 0.9179304192685103 0.1755050505050505 0.11239964317573595
5 0.2569444444444444 0.695807314897413 0.4154040404040404 0.47814451382694023
3 0.19128787878787878 0.18510258697591436 0.29419191919191917 0.054415700267618196
4 0.25126262626262624 0.33095450490633366 0.40404040404040403 0.19625334522747548
11 0.1029040404040404 0.07225691347011597 0.1148989898989899 0.08920606601248884