6 0.12734375 0.5435754189944134 0.2546875 0.09273743016759776
7 0.0703125 0.423463687150838 0.140625 0.12960893854748604
1 0.11796875 0.264804469273743 0.2359375 0.16983240223463686
13 0.14609375 0.10837988826815642 0.2921875 0.11396648044692738
4 0.1296875 0.021229050279329607 0.259375 0.042458100558659215
3 0.378125 0.11173184357541899 0.096875 0.12290502793296089
4 0.75546875 0.10502793296089385 0.4890625 0.2100558659217877
12 0.371875 0.3324022346368715 0.084375 0.2536312849162011
13 0.7140625 0.529608938547486 0.29375 0.12067039106145251
5 0.76015625 0.27206703910614527 0.4796875 0.1217877094972067
10 0.76484375 0.4033519553072626 0.4703125 0.11620111731843576