3 0.30234375 0.01899441340782123 0.6046875 0.02011173184357542
5 0.18984375 0.26927374301675977 0.3796875 0.4446927374301676
4 0.53515625 0.19776536312849163 0.2890625 0.29720670391061454
7 0.51875 0.40670391061452515 0.234375 0.11284916201117319
13 0.5390625 0.5340782122905028 0.28125 0.1318435754189944
5 0.18671875 0.547486033519553 0.3734375 0.10502793296089385
1 0.11640625 0.8865921787709498 0.2328125 0.13743016759776536
4 0.13359375 0.6256983240223464 0.2671875 0.05139664804469274
13 0.1265625 0.7301675977653631 0.253125 0.13519553072625698
5 0.5109375 0.8 0.3375 0.4
3 0.790625 0.7653631284916201 0.221875 0.2324022346368715
6 0.740625 0.9385474860335196 0.121875 0.10726256983240223