8 0.6703125 0.028491620111731845 0.446875 0.041340782122905026
9 0.6703125 0.06368715083798883 0.325 0.024581005586592177
5 0.6671875 0.2709497206703911 0.6203125 0.35083798882681566
10 0.6703125 0.5469273743016759 0.6296875 0.20446927374301677
4 0.6203125 0.7256983240223464 0.5265625 0.1452513966480447
1 0.66953125 0.8642458100558659 0.6359375 0.11843575418994413
2 0.61171875 0.9541899441340782 0.5078125 0.07150837988826815
3 0.16484375 0.25642458100558657 0.2578125 0.12960893854748604
13 0.16796875 0.45754189944134077 0.315625 0.2547486033519553
13 0.1828125 0.6793296089385474 0.3265625 0.1787709497206704
7 0.11328125 0.8256983240223463 0.2015625 0.09944134078212291
6 0.18046875 0.9424581005586592 0.34375 0.10279329608938548
11 0.18046875 0.09608938547486033 0.228125 0.16983240223463686