5 0.21484375 0.12011173184357542 0.4296875 0.24022346368715083
4 0.21484375 0.3905027932960894 0.4296875 0.293854748603352
7 0.3421875 0.5480446927374302 0.175 0.02346368715083799
12 0.7390625 0.027932960893854747 0.521875 0.04692737430167598
3 0.71484375 0.1122905027932961 0.5703125 0.08156424581005586
13 0.89453125 0.23743016759776536 0.2109375 0.15307262569832403
13 0.90078125 0.4173184357541899 0.1984375 0.17318435754189945
4 0.56484375 0.23798882681564246 0.2703125 0.15195530726256984
10 0.5859375 0.44581005586592176 0.3125 0.22793296089385476
9 0.73359375 0.003910614525139665 0.5328125 0.00782122905027933
8 0.740625 0.6290502793296089 0.4421875 0.041340782122905026
12 0.76015625 0.6972067039106146 0.4796875 0.0782122905027933
3 0.76015625 0.8117318435754189 0.4796875 0.09273743016759776