10 0.40234375 0.16759776536312848 0.1328125 0.20335195530726258
4 0.403125 0.3463687150837989 0.13125 0.1452513966480447
1 0.40078125 0.4849162011173184 0.1359375 0.11843575418994413
2 0.40390625 0.5748603351955307 0.1296875 0.07039106145251396
13 0.153125 0.10279329608938548 0.30625 0.20558659217877095
13 0.1640625 0.3005586592178771 0.328125 0.17988826815642459
7 0.096875 0.4463687150837989 0.19375 0.09944134078212291
6 0.16640625 0.5631284916201117 0.3328125 0.10279329608938548
12 0.72421875 0.07932960893854749 0.5109375 0.11396648044692738
4 0.69375 0.22793296089385476 0.45 0.12960893854748604
5 0.71171875 0.3972067039106145 0.4859375 0.18435754189944134
13 0.615625 0.5670391061452514 0.29375 0.10391061452513967
4 0.234375 0.7776536312849162 0.46875 0.27262569832402234
4 0.775 0.764804469273743 0.45 0.2916201117318436
5 0.7875 0.9636871508379888 0.425 0.07262569832402235