8 0.610479797979798 0.020926090828138913 0.30176767676767674 0.03294746215494212
9 0.6060606060606061 0.04007123775601069 0.3838383838383838 0.017809439002671415
3 0.6401515151515151 0.06901157613535173 0.6439393939393939 0.048975957257346395
4 0.5972222222222222 0.17230632235084595 0.5580808080808081 0.15761353517364202
5 0.6553030303030303 0.5627782724844167 0.6565656565656566 0.6055209260908282
10 0.6496212121212122 0.9056099732858415 0.6325757575757576 0.08014247551202137
6 0.5631313131313131 0.968833481745325 0.4393939393939394 0.037399821905609976
12 0.16414141414141414 0.2319679430097952 0.2904040404040404 0.11487088156723063
13 0.16098484848484848 0.39447907390917186 0.2967171717171717 0.1674087266251113
13 0.12247474747474747 0.5743544078361532 0.23737373737373738 0.11754229741763135
7 0.15593434343434343 0.9425645592163847 0.30934343434343436 0.07747105966162066
11 0.17487373737373738 0.0881567230632235 0.20833333333333334 0.1495992876224399