8 0.5625 0.0893854748603352 0.453125 0.042458100558659215
9 0.57265625 0.146927374301676 0.2265625 0.03798882681564246
5 0.65625 0.3407821229050279 0.5921875 0.2770949720670391
4 0.66953125 0.6290502793296089 0.6234375 0.293854748603352
13 0.46484375 0.8424581005586592 0.2015625 0.13519553072625698
7 0.73515625 0.8217877094972067 0.203125 0.09497206703910614
6 0.4875 0.9418994413407821 0.246875 0.04692737430167598
1 0.178125 0.8223463687150838 0.3421875 0.24692737430167597
13 0.1765625 0.5888268156424581 0.3421875 0.17318435754189945
3 0.15625 0.44078212290502794 0.240625 0.0893854748603352
12 0.17734375 0.29441340782122905 0.303125 0.18212290502793296
11 0.16484375 0.09720670391061452 0.2046875 0.15418994413407822