8 0.6090794451450189 0.04103479036574487 0.47414880201765447 0.042818911685994644
12 0.6778058007566204 0.14495985727029437 0.6141235813366961 0.10437109723461195
4 0.6349306431273645 0.2609277430865299 0.5914249684741488 0.12934879571810884
5 0.6670870113493065 0.45851917930419267 0.6607818411097099 0.24977698483496877
10 0.6563682219419924 0.6699375557537912 0.639344262295082 0.12845673505798394
3 0.15006305170239598 0.26984834968777877 0.25220680958385877 0.12042818911685994
13 0.1437578814627995 0.4656556645851918 0.28247162673392184 0.21944692239072258
13 0.12610340479192939 0.6819803746654772 0.24968474148802017 0.15611061552185548
7 0.1450189155107188 0.8238180196253345 0.28247162673392184 0.11685994647636039
6 0.1305170239596469 0.9335414808206958 0.2509457755359395 0.10615521855486174
11 0.1746532156368222 0.11106155218554861 0.25598991172761665 0.18108831400535236
9 0.5542244640605296 0.08028545941123996 0.3669609079445145 0.0231935771632471