6 0.18456375838926176 0.9128113879003559 0.30201342281879195 0.12455516014234876
3 0.18624161073825504 0.2526690391459075 0.30033557046979864 0.15776986951364175
13 0.18791946308724833 0.6316725978647687 0.31208053691275167 0.20640569395017794
11 0.17701342281879195 0.0937129300118624 0.22651006711409397 0.16132858837485173
12 0.6778523489932886 0.12277580071174377 0.6006711409395973 0.066429418742586
5 0.6703020134228188 0.3529062870699881 0.6040268456375839 0.39383155397390274
9 0.6082214765100671 0.07176749703440095 0.46308724832214765 0.04389086595492289
13 0.18456375838926176 0.43119810201660735 0.31208053691275167 0.16844602609727166
8 0.6174496644295302 0.030249110320284697 0.48825503355704697 0.04863582443653618
5 0.6661073825503355 0.7615658362989324 0.5989932885906041 0.4246737841043891
7 0.10654362416107382 0.7858837485172004 0.1476510067114094 0.10201660735468565