6 0.18515625 0.9128491620111732 0.303125 0.12513966480446928
3 0.18671875 0.253072625698324 0.3 0.15754189944134078
13 0.18828125 0.6324022346368715 0.3125 0.20558659217877095
11 0.1765625 0.09385474860335195 0.2265625 0.16201117318435754
12 0.67734375 0.1223463687150838 0.6 0.0670391061452514
5 0.66953125 0.3536312849162011 0.6046875 0.39329608938547483
9 0.60859375 0.07206703910614524 0.4625 0.0446927374301676
13 0.184375 0.4312849162011173 0.3125 0.16871508379888267
8 0.61796875 0.030726256983240222 0.4875 0.049162011173184354
5 0.665625 0.7614525139664804 0.6 0.4245810055865922
7 0.10546875 0.7865921787709497 0.1484375 0.10167597765363129