5 0.6882352941176471 0.3341246290801187 0.5781512605042017 0.2824925816023739
5 0.6789915966386555 0.6943620178041543 0.5563025210084034 0.3394658753709199
11 0.2042016806722689 0.06379821958456973 0.32100840336134456 0.1198813056379822
12 0.6915966386554622 0.16468842729970326 0.5663865546218487 0.0629080118694362
4 0.20588235294117646 0.30356083086053415 0.35126050420168065 0.1632047477744807
3 0.21092436974789916 0.1804154302670623 0.34285714285714286 0.09495548961424333
13 0.1991596638655462 0.5795252225519287 0.3126050420168067 0.10445103857566766
6 0.2 0.8462908011869437 0.30084033613445377 0.09792284866468842
9 0.6294117647058823 0.07626112759643917 0.373109243697479 0.01661721068249258
13 0.21932773109243697 0.7091988130563798 0.33613445378151263 0.16142433234421366
7 0.2042016806722689 0.44421364985163203 0.3378151260504202 0.08130563798219585
8 0.6789915966386555 0.05934718100890208 0.4991596638655462 0.017210682492581602