5 0.46796875 0.264804469273743 0.4640625 0.27039106145251396
12 0.0765625 0.1972067039106145 0.153125 0.16201117318435754
9 0.078125 0.08603351955307263 0.15625 0.05810055865921788
4 0.4453125 0.4960893854748603 0.4125 0.16759776536312848
7 0.05078125 0.4402234636871508 0.1015625 0.10502793296089385
3 0.065625 0.3418994413407821 0.13125 0.09608938547486033
12 0.84296875 0.3217877094972067 0.2859375 0.12960893854748604
13 0.81640625 0.45027932960893857 0.2328125 0.11396648044692738
11 0.821875 0.11955307262569832 0.2359375 0.18547486033519553
5 0.18125 0.7899441340782123 0.3625 0.4201117318435754
2 0.55234375 0.8927374301675978 0.2953125 0.21452513966480447
4 0.5546875 0.676536312849162 0.290625 0.19329608938547485
13 0.82890625 0.6290502793296089 0.2203125 0.09832402234636871
7 0.8171875 0.776536312849162 0.1953125 0.17541899441340783
1 0.82890625 0.9363128491620112 0.2109375 0.12737430167597766