5 0.30703125 0.21396648044692737 0.6140625 0.09720670391061452
4 0.25 0.288268156424581 0.5 0.03798882681564246
13 0.23515625 0.37374301675977656 0.4703125 0.1106145251396648
5 0.40546875 0.5737430167597766 0.4890625 0.28938547486033517
13 0.0640625 0.6245810055865921 0.128125 0.3128491620111732
4 0.4046875 0.8620111731843575 0.490625 0.2759776536312849
13 0.06953125 0.8709497206703911 0.1390625 0.1776536312849162
8 0.72109375 0.4810055865921788 0.1421875 0.07262569832402235
3 0.84375 0.6335195530726258 0.3125 0.10726256983240223
13 0.84140625 0.8508379888268156 0.3171875 0.29832402234636873
11 0.9109375 0.5212290502793296 0.178125 0.17541899441340783