5 0.46328125 0.3983240223463687 0.334375 0.35307262569832404
4 0.45625 0.7122905027932961 0.3203125 0.22905027932960895
13 0.80390625 0.3871508379888268 0.2703125 0.3340782122905028
12 0.16171875 0.49385474860335193 0.2109375 0.1877094972067039
6 0.43125 0.9005586592178771 0.28125 0.08268156424581005
7 0.81171875 0.8988826815642458 0.2765625 0.08268156424581005
8 0.48671875 0.09106145251396648 0.4546875 0.060335195530726256
0 0.80625 0.711731843575419 0.2828125 0.23910614525139665
3 0.175 0.8441340782122905 0.1765625 0.1888268156424581
3 0.39375 0.008938547486033519 0.6828125 0.01675977653631285
3 0.5234375 0.9810055865921787 0.953125 0.030167597765363128