13 0.1234375 0.12011173184357542 0.246875 0.15977653631284916
5 0.49765625 0.11899441340782123 0.2828125 0.23798882681564246
3 0.08984375 0.28547486033519553 0.1796875 0.13966480446927373
12 0.809375 0.037430167597765365 0.26875 0.07486033519553073
8 0.1890625 0.43575418994413406 0.225 0.02905027932960894
9 0.15390625 0.464804469273743 0.1546875 0.0223463687150838
12 0.30546875 0.5430167597765363 0.4625 0.10167597765363129
4 0.4515625 0.7094972067039106 0.2125 0.19217877094972066
1 0.46328125 0.9145251396648044 0.1953125 0.17094972067039105
5 0.178125 0.8078212290502793 0.246875 0.3843575418994413
12 0.84296875 0.506145251396648 0.2984375 0.17430167597765364
13 0.84296875 0.6720670391061453 0.3140625 0.13519553072625698
7 0.846875 0.8150837988826816 0.303125 0.10726256983240223
6 0.83515625 0.9312849162011173 0.3296875 0.10391061452513967