4 0.14140625 0.12849162011173185 0.2828125 0.09385474860335195
5 0.15859375 0.34972067039106147 0.3171875 0.18994413407821228
13 0.12578125 0.20837988826815643 0.2515625 0.041340782122905026
13 0.15703125 0.4793296089385475 0.3140625 0.04022346368715084
3 0.1359375 0.013966480446927373 0.271875 0.027932960893854747
5 0.6359375 0.19608938547486032 0.2125 0.32737430167597764
13 0.87421875 0.19217877094972066 0.246875 0.31843575418994413
4 0.38984375 0.5972067039106145 0.2796875 0.17318435754189945
5 0.0984375 0.5966480446927375 0.196875 0.1787709497206704
13 0.13125 0.8374301675977653 0.1421875 0.11396648044692738
6 0.328125 0.8402234636871508 0.1515625 0.11731843575418995