12 0.38359375 0.17597765363128492 0.4015625 0.12625698324022347
8 0.096875 0.32905027932960895 0.19375 0.07932960893854749
9 0.0953125 0.3893854748603352 0.190625 0.027932960893854747
4 0.18125 0.6335195530726258 0.3625 0.2681564245810056
13 0.56796875 0.6871508379888268 0.1828125 0.2636871508379888
3 0.56328125 0.9307262569832402 0.1921875 0.13854748603351955
12 0.56171875 0.3486033519553073 0.1953125 0.14748603351955308
5 0.178125 0.8977653631284916 0.35625 0.20446927374301677
11 0.32109375 0.3340782122905028 0.1828125 0.18994413407821228
4 0.79609375 0.3675977653631285 0.2734375 0.2569832402234637
5 0.77890625 0.8173184357541899 0.2390625 0.3653631284916201
13 0.975 0.45977653631284915 0.05 0.10167597765363129
13 0.78203125 0.5720670391061452 0.2453125 0.11620111731843576
6 0.97890625 0.6268156424581005 0.0421875 0.12737430167597766