13 0.31015625 0.061452513966480445 0.234375 0.0893854748603352
6 0.3046875 0.16256983240223463 0.225 0.09497206703910614
5 0.08984375 0.1005586592178771 0.1796875 0.2011173184357542
3 0.21875 0.23798882681564246 0.4375 0.017877094972067038
4 0.26875 0.38212290502793295 0.3546875 0.23128491620111732
6 0.2453125 0.9307262569832402 0.2734375 0.07709497206703911
1 0.271875 0.6843575418994413 0.334375 0.2759776536312849
8 0.709375 0.2553072625698324 0.109375 0.05251396648044693
4 0.74453125 0.41284916201117317 0.5109375 0.16201117318435754
5 0.74453125 0.6525139664804469 0.5109375 0.3128491620111732
13 0.74453125 0.8698324022346369 0.5109375 0.11955307262569832
7 0.59296875 0.9664804469273743 0.2078125 0.0670391061452514
13 0.8671875 0.964245810055866 0.265625 0.07150837988826815
3 0.91171875 0.27206703910614527 0.1765625 0.08603351955307263
11 0.55078125 0.2810055865921788 0.1234375 0.10391061452513967