13 0.225 0.02905027932960894 0.45 0.05810055865921788
1 0.225 0.16927374301675976 0.45 0.2022346368715084
6 0.225 0.3541899441340782 0.45 0.13631284916201117
8 0.74921875 0.08770949720670392 0.303125 0.09050279329608939
9 0.746875 0.15251396648044693 0.3 0.030167597765363128
12 0.56015625 0.3905027932960894 0.2203125 0.15754189944134078
4 0.88671875 0.39888268156424583 0.2265625 0.18100558659217877
13 0.84609375 0.541340782122905 0.3078125 0.10391061452513967
1 0.84609375 0.740782122905028 0.3078125 0.23016759776536314
7 0.8453125 0.9374301675977653 0.3078125 0.09832402234636871
4 0.5296875 0.5675977653631284 0.159375 0.1564245810055866
5 0.5421875 0.8396648044692737 0.184375 0.3206703910614525