4 0.46015625 0.16424581005586592 0.0984375 0.18994413407821228
7 0.46171875 0.36033519553072624 0.0953125 0.15754189944134078
10 0.19765625 0.25921787709497207 0.3953125 0.3463687150837989
9 0.88359375 0.024581005586592177 0.2328125 0.049162011173184354
12 0.88046875 0.07597765363128492 0.2390625 0.06480446927374302
5 0.878125 0.27318435754189946 0.24375 0.3318435754189944
4 0.6375 0.38324022346368714 0.25625 0.11173184357541899
3 0.6390625 0.21340782122905028 0.259375 0.21899441340782122
11 0.60546875 0.04748603351955307 0.1921875 0.09497206703910614
8 0.353125 0.48659217877094973 0.3125 0.03240223463687151
9 0.27109375 0.5201117318435754 0.4765625 0.02569832402234637
12 0.4171875 0.6290502793296089 0.184375 0.09385474860335195
3 0.06484375 0.6536312849162011 0.1296875 0.14078212290502792
13 0.1328125 0.8083798882681564 0.265625 0.1329608938547486
13 0.134375 0.9519553072625698 0.26875 0.09608938547486033
13 0.6453125 0.9184357541899442 0.271875 0.15865921787709497
5 0.7546875 0.6379888268156425 0.490625 0.39776536312849164