5 0.06015625 0.10446927374301676 0.1203125 0.20893854748603352
13 0.3046875 0.10446927374301676 0.35 0.20893854748603352
9 0.73984375 0.23798882681564246 0.5203125 0.04022346368715084
3 0.57734375 0.4044692737430168 0.1953125 0.19217877094972066
5 0.84375 0.5094972067039106 0.3125 0.4022346368715084
4 0.8421875 0.8324022346368715 0.315625 0.22346368715083798
10 0.84140625 0.9715083798882681 0.3171875 0.05698324022346369
13 0.5796875 0.5977653631284916 0.2 0.16983240223463686
7 0.52109375 0.7597765363128491 0.0828125 0.1430167597765363
13 0.53828125 0.8798882681564246 0.1171875 0.09720670391061452
2 0.56875 0.964804469273743 0.178125 0.07039106145251396