8 0.0359375 0.11675977653631285 0.071875 0.041340782122905026
12 0.21328125 0.3245810055865922 0.1515625 0.09497206703910614
9 0.0375 0.15754189944134078 0.075 0.026815642458100558
11 0.25859375 0.15139664804469274 0.0609375 0.1217877094972067
8 0.84609375 0.0067039106145251395 0.2609375 0.013407821229050279
9 0.84296875 0.04189944134078212 0.246875 0.03910614525139665
12 0.48125 0.030167597765363128 0.384375 0.060335195530726256
5 0.48203125 0.25977653631284914 0.3859375 0.37206703910614525
11 0.846875 0.1670391061452514 0.25625 0.18547486033519553
9 0.0453125 0.5659217877094972 0.090625 0.03240223463687151
13 0.12421875 0.9513966480446927 0.2484375 0.09720670391061452
12 0.134375 0.7966480446927374 0.26875 0.17206703910614526