5 0.1296875 0.11508379888268157 0.259375 0.23016759776536314
4 0.13203125 0.3513966480446927 0.2640625 0.17541899441340783
13 0.4796875 0.19106145251396647 0.2515625 0.19217877094972066
7 0.478125 0.38379888268156426 0.303125 0.1106145251396648
12 0.47578125 0.037430167597765365 0.2984375 0.07486033519553073
3 0.71875 0.022905027932960894 0.178125 0.04581005586592179
5 0.81484375 0.2519553072625698 0.3703125 0.3743016759776536
5 0.14140625 0.8067039106145252 0.2828125 0.3865921787709497
11 0.453125 0.5206703910614525 0.1828125 0.12737430167597766
13 0.446875 0.7491620111731844 0.278125 0.2770949720670391
12 0.12421875 0.5318435754189944 0.2484375 0.11620111731843576
4 0.45703125 0.9553072625698324 0.2984375 0.0893854748603352