8 0.27421875 0.0664804469273743 0.4875 0.03910614525139665
5 0.40625 0.22793296089385476 0.3640625 0.12737430167597766
4 0.403125 0.5189944134078213 0.371875 0.061452513966480445
12 0.084375 0.26256983240223464 0.16875 0.19441340782122904
9 0.27265625 0.10279329608938548 0.13125 0.02569832402234637
13 0.08203125 0.44692737430167595 0.1640625 0.1452513966480447
10 0.07890625 0.5379888268156424 0.1578125 0.02346368715083799
5 0.67265625 0.1770949720670391 0.1671875 0.2849162011173184
13 0.675 0.4262569832402235 0.171875 0.16201117318435754
4 0.340625 0.6564245810055865 0.496875 0.19776536312849163
5 0.3390625 0.8860335195530726 0.5 0.22793296089385476