8 0.15390625 0.055865921787709494 0.3078125 0.042458100558659215
5 0.29296875 0.28938547486033517 0.4328125 0.10279329608938548
9 0.1515625 0.09162011173184358 0.1109375 0.02569832402234637
4 0.87109375 0.19106145251396647 0.2578125 0.18547486033519553
5 0.87109375 0.3770949720670391 0.2578125 0.1441340782122905
3 0.5765625 0.08324022346368715 0.134375 0.1664804469273743
13 0.57421875 0.28212290502793297 0.1296875 0.15083798882681565
12 0.87265625 0.03798882681564246 0.2546875 0.07597765363128492
0 0.5984375 0.4206703910614525 0.178125 0.05698324022346369
3 0.22109375 0.6430167597765363 0.2375 0.22569832402234638
7 0.17265625 0.8083798882681564 0.1375 0.08268156424581005
6 0.17421875 0.9145251396648044 0.1453125 0.09944134078212291
5 0.446875 0.6441340782122905 0.125 0.23798882681564246
4 0.44375 0.8089385474860336 0.13125 0.06480446927374302
1 0.44609375 0.8994413407821229 0.1265625 0.08044692737430167
11 0.215625 0.4776536312849162 0.309375 0.05698324022346369