8 0.3859375 0.045251396648044694 0.446875 0.04581005586592179
9 0.4484375 0.14078212290502792 0.321875 0.0223463687150838
12 0.16015625 0.3128491620111732 0.3125 0.12402234636871508
5 0.51015625 0.3206703910614525 0.1984375 0.14078212290502792
4 0.50703125 0.6324022346368715 0.2046875 0.09162011173184358
13 0.16484375 0.4770949720670391 0.321875 0.10391061452513967
1 0.16171875 0.6357541899441341 0.3234375 0.09385474860335195
11 0.49453125 0.788268156424581 0.2296875 0.16424581005586592
3 0.06796875 0.8128491620111732 0.1359375 0.08826815642458101
8 0.0453125 0.7324022346368715 0.090625 0.03687150837988827
12 0.8046875 0.7072625698324022 0.390625 0.01564245810055866
10 0.8046875 0.8972067039106145 0.390625 0.20558659217877095