12 0.3 0.016201117318435754 0.6 0.03240223463687151
13 0.3 0.09050279329608939 0.6 0.07597765363128492
5 0.446875 0.2608938547486033 0.30625 0.14860335195530727
4 0.44609375 0.38491620111731845 0.3078125 0.06368715083798883
10 0.08046875 0.21675977653631284 0.1609375 0.06480446927374302
1 0.04921875 0.293854748603352 0.0984375 0.05139664804469274
7 0.6625 0.34413407821229053 0.125 0.13631284916201117
13 0.7015625 0.49553072625698324 0.203125 0.10837988826815642
3 0.69375 0.2011173184357542 0.1875 0.11396648044692738
5 0.93203125 0.22346368715083798 0.1359375 0.44692737430167595
11 0.684375 0.04692737430167598 0.16875 0.09385474860335195
8 0.66015625 0.12067039106145251 0.1203125 0.0223463687150838
8 0.75234375 0.5681564245810056 0.3046875 0.03687150837988827
9 0.73359375 0.6156424581005586 0.2671875 0.03798882681564246
4 0.75078125 0.7223463687150838 0.3015625 0.15977653631284916
5 0.7671875 0.9039106145251397 0.334375 0.19217877094972066