5 0.2890625 0.2335195530726257 0.540625 0.25251396648044694
4 0.2953125 0.4240223463687151 0.528125 0.10167597765363129
1 0.29609375 0.5256983240223464 0.5265625 0.06815642458100558
12 0.29453125 0.07597765363128492 0.5296875 0.0446927374301676
8 0.79375 0.06536312849162011 0.4125 0.041340782122905026
9 0.7359375 0.09385474860335195 0.275 0.017877094972067038
5 0.7984375 0.35921787709497205 0.403125 0.35195530726256985
8 0.40546875 0.5832402234636872 0.3078125 0.04692737430167598
3 0.35546875 0.6608938547486034 0.3921875 0.0446927374301676
4 0.33671875 0.8312849162011173 0.4453125 0.1653631284916201
4 0.87265625 0.6156424581005586 0.2546875 0.11173184357541899
5 0.86953125 0.8385474860335196 0.2609375 0.3229050279329609
13 0.64453125 0.8340782122905028 0.1703125 0.3318435754189944
3 0.63515625 0.6273743016759776 0.1515625 0.08156424581005586