5 0.1796875 0.27318435754189946 0.359375 0.21340782122905028
3 0.1796875 0.042458100558659215 0.359375 0.024581005586592177
9 0.07890625 0.017318435754189943 0.1578125 0.02346368715083799
12 0.1796875 0.13519553072625698 0.359375 0.0446927374301676
5 0.8125 0.21396648044692737 0.375 0.3318435754189944
4 0.44609375 0.09106145251396648 0.1734375 0.17318435754189945
13 0.40078125 0.2899441340782123 0.0828125 0.17988826815642459
4 0.6796875 0.42681564245810055 0.640625 0.09385474860335195
5 0.6796875 0.5256983240223464 0.640625 0.09497206703910614
10 0.6796875 0.6960893854748603 0.640625 0.23016759776536314
13 0.6796875 0.8597765363128491 0.640625 0.08603351955307263
1 0.621875 0.9312849162011173 0.525 0.05921787709497207
2 0.71171875 0.9843575418994414 0.5765625 0.03128491620111732