5 0.28984375 0.07094972067039106 0.5796875 0.1418994413407821
4 0.28984375 0.2245810055865922 0.5796875 0.11173184357541899
13 0.28984375 0.3229050279329609 0.5796875 0.07374301675977654
4 0.303125 0.5826815642458101 0.5515625 0.2111731843575419
9 0.41796875 0.43798882681564244 0.3234375 0.024581005586592177
5 0.30234375 0.8357541899441341 0.5546875 0.27039106145251396
12 0.63203125 0.4983240223463687 0.1046875 0.20782122905027933
13 0.8890625 0.47094972067039104 0.221875 0.1664804469273743
5 0.8890625 0.7418994413407821 0.221875 0.32625698324022345
3 0.63125 0.7301675977653631 0.103125 0.2
4 0.64140625 0.9351955307262569 0.1234375 0.09385474860335195