5 0.31953125 0.3418994413407821 0.6390625 0.12290502793296089
11 0.0734375 0.015083798882681564 0.146875 0.030167597765363128
7 0.31953125 0.4519553072625698 0.6390625 0.07039106145251396
13 0.31953125 0.10335195530726257 0.6390625 0.11955307262569832
2 0.31953125 0.5173184357541899 0.6390625 0.0446927374301676
4 0.31953125 0.2245810055865922 0.6390625 0.09385474860335195
12 0.88125 0.018435754189944135 0.2375 0.03687150837988827
4 0.884375 0.18100558659217877 0.23125 0.25921787709497207
13 0.8859375 0.4016759776536313 0.228125 0.16871508379888267
5 0.67421875 0.16759776536312848 0.0703125 0.33519553072625696
13 0.81953125 0.7061452513966481 0.3609375 0.2860335195530726
10 0.81953125 0.9335195530726257 0.3609375 0.1329608938547486