8 0.07890625 0.034636871508379886 0.1578125 0.06927374301675977
12 0.13046875 0.18994413407821228 0.259375 0.10167597765363129
9 0.0578125 0.09553072625698324 0.1140625 0.01899441340782123
5 0.14296875 0.3692737430167598 0.2796875 0.2
8 0.61640625 0.10893854748603352 0.3140625 0.03240223463687151
9 0.59296875 0.1430167597765363 0.2609375 0.026815642458100558
4 0.91015625 0.08994413407821229 0.1796875 0.17988826815642459
5 0.9109375 0.3329608938547486 0.178125 0.27262569832402234
7 0.5953125 0.4 0.271875 0.11843575418994413
11 0.60078125 0.042458100558659215 0.2828125 0.08491620111731843
3 0.55546875 0.4994413407821229 0.1921875 0.053631284916201116
4 0.56875 0.6217877094972067 0.21875 0.14860335195530727
5 0.56875 0.8391061452513966 0.21875 0.23910614525139665