4 0.46015625 0.05418994413407821 0.2421875 0.10837988826815642
13 0.4453125 0.21787709497206703 0.2046875 0.16201117318435754
3 0.1375 0.07597765363128492 0.1703125 0.1441340782122905
13 0.12421875 0.22681564245810057 0.14375 0.12737430167597766
7 0.16484375 0.3675977653631285 0.225 0.11843575418994413
6 0.44921875 0.36815642458100556 0.2140625 0.09050279329608939
3 0.1359375 0.4569832402234637 0.19375 0.055865921787709494
7 0.171875 0.5508379888268157 0.275 0.10949720670391061
13 0.1734375 0.6877094972067039 0.278125 0.1318435754189944
4 0.50625 0.5910614525139665 0.346875 0.08044692737430167
6 0.51015625 0.7027932960893855 0.3390625 0.10502793296089385
6 0.5109375 0.8720670391061452 0.3375 0.19776536312849163
2 0.16875 0.8782122905027933 0.2890625 0.21452513966480447
3 0.80390625 0.5134078212290503 0.2484375 0.10167597765363129
13 0.83984375 0.6441340782122905 0.3203125 0.06368715083798883
12 0.83984375 0.7508379888268156 0.3203125 0.0335195530726257
4 0.83984375 0.9128491620111732 0.3203125 0.17430167597765364