5 0.0859375 0.09441340782122905 0.171875 0.1888268156424581
13 0.07734375 0.2849162011173184 0.1546875 0.12513966480446928
10 0.7359375 0.13128491620111732 0.528125 0.26256983240223464
5 0.7359375 0.32793296089385476 0.528125 0.12402234636871508
12 0.41875 0.041340782122905026 0.11875 0.08268156424581005
12 0.41328125 0.1782122905027933 0.1078125 0.17988826815642459
4 0.1671875 0.8251396648044693 0.334375 0.21787709497206703
9 0.8109375 0.41564245810055866 0.378125 0.03798882681564246
4 0.7359375 0.5223463687150838 0.528125 0.15977653631284916
5 0.74140625 0.8039106145251397 0.5171875 0.39217877094972065
3 0.40390625 0.5810055865921788 0.0890625 0.10502793296089385
13 0.396875 0.7726256983240224 0.075 0.24022346368715083
11 0.39296875 0.4553072625698324 0.0671875 0.13072625698324022