4 0.0203125 0.20558659217877095 0.040625 0.25027932960893856
5 0.23671875 0.19944134078212292 0.2796875 0.3206703910614525
8 0.11640625 0.4 0.178125 0.01899441340782123
3 0.18359375 0.4620111731843575 0.2953125 0.09385474860335195
13 0.42421875 0.44860335195530726 0.1890625 0.11731843575418995
5 0.259375 0.7307262569832402 0.51875 0.39776536312849164
3 0.83046875 0.39273743016759777 0.3390625 0.054748603351955305
12 0.84296875 0.5720670391061452 0.3140625 0.19217877094972066
6 0.84453125 0.7251396648044692 0.3109375 0.09832402234636871
4 0.8375 0.8860335195530726 0.325 0.21899441340782122
11 0.940625 0.5391061452513967 0.11875 0.10614525139664804