5 0.39765625 0.12960893854748604 0.4828125 0.25921787709497207
4 0.40078125 0.358659217877095 0.4765625 0.18100558659217877
9 0.7765625 0.027932960893854747 0.275 0.03798882681564246
4 0.79375 0.13463687150837989 0.309375 0.15977653631284916
5 0.81015625 0.3346368715083799 0.3421875 0.22905027932960895
5 0.35546875 0.5245810055865922 0.5671875 0.15083798882681565
4 0.32734375 0.7603351955307263 0.515625 0.3139664804469274
13 0.35859375 0.9636871508379888 0.5609375 0.07262569832402235
3 0.67109375 0.5648044692737431 0.0640625 0.09720670391061452
13 0.67265625 0.6893854748603352 0.0671875 0.12513966480446928
1 0.66796875 0.8184357541899442 0.0578125 0.10614525139664804
5 0.8609375 0.6620111731843575 0.278125 0.29608938547486036
4 0.8640625 0.8988826815642458 0.271875 0.1553072625698324