8 0.4125 0.04189944134078212 0.4453125 0.04692737430167598
9 0.30703125 0.06759776536312849 0.2359375 0.02905027932960894
12 0.5375 0.09944134078212291 0.6890625 0.04692737430167598
3 0.19921875 0.17262569832402236 0.321875 0.05139664804469274
3 0.6796875 0.16871508379888267 0.325 0.05251396648044693
4 0.2890625 0.3324022346368715 0.525 0.24916201117318434
13 0.76875 0.3541899441340782 0.38125 0.2905027932960894
11 0.1046875 0.07374301675977654 0.146875 0.1005586592178771
10 0.284375 0.5983240223463687 0.5234375 0.25139664804469275
5 0.28515625 0.8217877094972067 0.528125 0.15195530726256984
7 0.71015625 0.7921787709497207 0.2703125 0.13854748603351955
1 0.7625 0.6078212290502794 0.3765625 0.18994413407821228