8 0.4126050420168067 0.042161520190023755 0.44537815126050423 0.04631828978622328
9 0.30756302521008405 0.06769596199524941 0.23529411764705882 0.028503562945368172
12 0.5378151260504201 0.09916864608076009 0.6890756302521008 0.04631828978622328
3 0.1991596638655462 0.17280285035629453 0.32100840336134456 0.0510688836104513
3 0.6798319327731093 0.16864608076009502 0.3243697478991597 0.052256532066508314
4 0.28907563025210087 0.332541567695962 0.5243697478991597 0.2494061757719715
13 0.7689075630252101 0.35391923990498814 0.3815126050420168 0.28978622327790976
11 0.10504201680672269 0.07363420427553444 0.146218487394958 0.0997624703087886
10 0.2848739495798319 0.5985748218527316 0.5226890756302521 0.2517814726840855
5 0.2857142857142857 0.8218527315914489 0.5277310924369748 0.15201900237529692
7 0.7100840336134454 0.7921615201900237 0.27058823529411763 0.1377672209026128