8 0.365625 0.03910614525139665 0.353125 0.03798882681564246
9 0.29921875 0.06424581005586592 0.221875 0.026815642458100558
12 0.52734375 0.08603351955307263 0.6796875 0.0223463687150838
3 0.16796875 0.18156424581005587 0.2625 0.07150837988826815
3 0.67421875 0.17094972067039105 0.3078125 0.05251396648044693
5 0.26015625 0.376536312849162 0.453125 0.2916201117318436
13 0.7390625 0.3223463687150838 0.453125 0.1888268156424581
4 0.2609375 0.6396648044692738 0.45625 0.19106145251396647
10 0.7390625 0.5189944134078213 0.453125 0.16089385474860335
7 0.58203125 0.7731843575418994 0.1234375 0.10726256983240223
2 0.68359375 0.6614525139664804 0.3328125 0.06815642458100558
11 0.109375 0.07206703910614524 0.1421875 0.10391061452513967