8 0.5765625 0.049162011173184354 0.36875 0.0446927374301676
9 0.5890625 0.09162011173184358 0.3859375 0.030167597765363128
12 0.6796875 0.15083798882681565 0.5671875 0.08044692737430167
5 0.69453125 0.43854748603351956 0.590625 0.49050279329608937
4 0.675 0.7843575418994413 0.5390625 0.18435754189944134
1 0.675 0.9346368715083799 0.54375 0.10837988826815642
7 0.0875 0.8547486033519553 0.134375 0.10949720670391061
13 0.11484375 0.7301675977653631 0.178125 0.10502793296089385
13 0.10390625 0.5022346368715084 0.1796875 0.3307262569832402
3 0.1625 0.25754189944134076 0.25625 0.13519553072625698
11 0.18828125 0.09664804469273743 0.1921875 0.1553072625698324