9 0.2092436974789916 0.16963226571767498 0.38823529411764707 0.066429418742586
3 0.5647058823529412 0.051008303677342826 0.2857142857142857 0.03558718861209965
3 0.8647058823529412 0.05397390272835113 0.253781512605042 0.03440094899169632
4 0.6563025210084034 0.13641755634638197 0.45546218487394957 0.11387900355871886
10 0.7142857142857143 0.33451957295373663 0.5714285714285714 0.27995255041518385
5 0.7142857142857143 0.6619217081850534 0.5714285714285714 0.3701067615658363
12 0.21680672268907564 0.25207591933570583 0.4336134453781513 0.08422301304863583
12 0.2134453781512605 0.3902728351126928 0.4235294117647059 0.18030842230130487
13 0.21176470588235294 0.6470937129300118 0.42016806722689076 0.33807829181494664
6 0.21428571428571427 0.8665480427046264 0.4218487394957983 0.1103202846975089
7 0.12857142857142856 0.9584816132858838 0.24705882352941178 0.0830367734282325
11 0.20336134453781513 0.07176749703440095 0.20168067226890757 0.1435349940688019