5 0.26484375 0.2 0.5296875 0.4
7 0.6734375 0.2977653631284916 0.2875 0.1664804469273743
5 0.66953125 0.10558659217877095 0.2796875 0.2111731843575419
13 0.91875 0.19106145251396647 0.1625 0.24581005586592178
12 0.92265625 0.030167597765363128 0.1546875 0.060335195530726256
4 0.2734375 0.5826815642458101 0.43125 0.2223463687150838
13 0.2671875 0.8927374301675978 0.425 0.21452513966480447
12 0.27421875 0.7385474860335196 0.4234375 0.0782122905027933
3 0.215625 0.40782122905027934 0.43125 0.01564245810055866
3 0.70625 0.46368715083798884 0.353125 0.12737430167597766
4 0.7328125 0.6988826815642458 0.40625 0.24916201117318434
1 0.7328125 0.9150837988826815 0.40625 0.16983240223463686