9 0.1484375 0.09106145251396648 0.296875 0.03687150837988827
3 0.51015625 0.09273743016759776 0.2578125 0.18547486033519553
12 0.13359375 0.2787709497206704 0.2671875 0.15754189944134078
4 0.09375 0.4659217877094972 0.1875 0.19888268156424582
5 0.45859375 0.3865921787709497 0.3609375 0.3664804469273743
8 0.09921875 0.041340782122905026 0.1984375 0.08044692737430167
9 0.31953125 0.6016759776536312 0.6390625 0.06368715083798883
4 0.54765625 0.7340782122905027 0.1828125 0.14748603351955308
13 0.55 0.9184357541899442 0.178125 0.14972067039106146
5 0.2203125 0.8301675977653631 0.440625 0.3396648044692737
4 0.90625 0.6430167597765363 0.1875 0.1463687150837989
13 0.9046875 0.8625698324022346 0.190625 0.2748603351955307