8 0.58828125 0.030726256983240222 0.428125 0.05139664804469274
11 0.1796875 0.09273743016759776 0.2296875 0.14748603351955308
9 0.625 0.05977653631284916 0.4984375 0.02905027932960894
12 0.67578125 0.1111731843575419 0.6046875 0.06815642458100558
5 0.68828125 0.47430167597765366 0.6234375 0.6201117318435754
7 0.671875 0.8480446927374302 0.596875 0.10614525139664804
1 0.58515625 0.9486033519553073 0.41875 0.0782122905027933
3 0.1890625 0.28324022346368716 0.35625 0.20446927374301677
4 0.190625 0.464804469273743 0.35625 0.15083798882681565
13 0.16328125 0.7217877094972067 0.3125 0.34301675977653634
6 0.17734375 0.9435754189944134 0.3421875 0.08044692737430167