9 0.05546875 0.10167597765363129 0.1109375 0.0670391061452514
4 0.3578125 0.06871508379888268 0.44375 0.11284916201117319
10 0.3578125 0.2670391061452514 0.44375 0.27932960893854747
5 0.3578125 0.4899441340782123 0.44375 0.15977653631284916
12 0.07109375 0.18491620111731844 0.1421875 0.08379888268156424
12 0.065625 0.3223463687150838 0.13125 0.17988826815642459
13 0.846875 0.21508379888268156 0.30625 0.39664804469273746
10 0.8453125 0.4960893854748603 0.309375 0.14748603351955308
3 0.16171875 0.7195530726256983 0.3234375 0.19217877094972066
5 0.4578125 0.8117318435754189 0.24375 0.376536312849162
13 0.1640625 0.9128491620111732 0.328125 0.16983240223463686