8 0.36554621848739494 0.039192399049881234 0.3546218487394958 0.03800475059382423
9 0.2991596638655462 0.06413301662707839 0.2218487394957983 0.026128266033254157
12 0.5277310924369748 0.08610451306413301 0.6789915966386555 0.022565320665083134
3 0.16806722689075632 0.18171021377672208 0.26218487394957984 0.07125890736342043
3 0.6747899159663866 0.171021377672209 0.30756302521008405 0.052256532066508314
5 0.2605042016806723 0.37648456057007124 0.453781512605042 0.2921615201900237
13 0.7394957983193278 0.32244655581947745 0.453781512605042 0.18883610451306412
4 0.26134453781512607 0.6395486935866983 0.45546218487394957 0.19121140142517815
10 0.7394957983193278 0.5190023752969121 0.453781512605042 0.16152019002375298
7 0.5823529411764706 0.7731591448931117 0.1226890756302521 0.10688836104513064
11 0.1092436974789916 0.07185273159144893 0.1411764705882353 0.10332541567695962