5 0.309375 0.28324022346368716 0.61875 0.14860335195530727
13 0.309375 0.030726256983240222 0.61875 0.061452513966480445
4 0.309375 0.13519553072625698 0.61875 0.11843575418994413
7 0.309375 0.40670391061452515 0.61875 0.06480446927374302
2 0.309375 0.5067039106145251 0.61875 0.10614525139664804
8 0.80390625 0.04636871508379888 0.1953125 0.034636871508379886
3 0.78671875 0.09273743016759776 0.2390625 0.03910614525139665
12 0.75078125 0.16089385474860335 0.2640625 0.08268156424581005
5 0.7625 0.36089385474860336 0.2875 0.30837988826815643
1 0.5203125 0.6715083798882682 0.196875 0.13631284916201117
10 0.18671875 0.6094972067039106 0.3734375 0.09944134078212291
5 0.1921875 0.8301675977653631 0.384375 0.3217877094972067
7 0.52109375 0.8094972067039106 0.1953125 0.09720670391061452
6 0.51328125 0.8960893854748604 0.1765625 0.054748603351955305
8 0.65859375 0.5731843575418994 0.0796875 0.026815642458100558
9 0.76015625 0.5944134078212291 0.2828125 0.02011173184357542
12 0.77890625 0.7167597765363128 0.3203125 0.1664804469273743
5 0.7859375 0.9083798882681564 0.334375 0.18324022346368715