7 0.19375 0.3 0.2953125 0.16983240223463686
1 0.11640625 0.48268156424581005 0.15 0.12402234636871508
12 0.18984375 0.13575418994413407 0.2859375 0.10837988826815642
5 0.7390625 0.34301675977653634 0.403125 0.35307262569832404
4 0.7515625 0.07318435754189945 0.446875 0.1463687150837989
5 0.13828125 0.6681564245810055 0.2765625 0.1564245810055866
7 0.07109375 0.8027932960893854 0.1421875 0.07486033519553073
6 0.08125 0.9262569832402234 0.1625 0.08491620111731843
12 0.83671875 0.7871508379888268 0.3265625 0.1418994413407821
4 0.5078125 0.9195530726256983 0.15625 0.16089385474860335
3 0.48203125 0.770949720670391 0.1046875 0.10279329608938548
11 0.5140625 0.6284916201117319 0.16875 0.07709497206703911
9 0.9265625 0.6061452513966481 0.146875 0.021229050279329607