12 0.20625 0.12905027932960894 0.4125 0.2581005586592179
3 0.5671875 0.1782122905027933 0.175 0.3229050279329609
3 0.3390625 0.3715083798882682 0.659375 0.06368715083798883
13 0.584375 0.4877094972067039 0.16875 0.15307262569832403
13 0.590625 0.6675977653631285 0.15625 0.17318435754189945
1 0.58515625 0.8324022346368715 0.1671875 0.13631284916201117
4 0.21796875 0.488268156424581 0.3875 0.15195530726256984
10 0.234375 0.7016759776536313 0.440625 0.23798882681564246
5 0.23828125 0.9150837988826815 0.4515625 0.16983240223463686
7 0.5859375 0.9608938547486033 0.165625 0.0782122905027933
5 0.834375 0.5832402234636872 0.33125 0.41787709497206704
4 0.834375 0.9016759776536313 0.33125 0.19664804469273742