12 0.0859375 0.028491620111731845 0.171875 0.05698324022346369
5 0.33046875 0.21731843575418994 0.2171875 0.4346368715083799
4 0.32890625 0.5955307262569832 0.2203125 0.22793296089385476
6 0.071875 0.41899441340782123 0.14375 0.07597765363128492
12 0.09765625 0.30446927374301674 0.1953125 0.12402234636871508
13 0.09765625 0.15754189944134078 0.1953125 0.1430167597765363
5 0.81953125 0.1318435754189944 0.3609375 0.22346368715083798
10 0.81875 0.39273743016759777 0.3625 0.30502793296089387
1 0.81953125 0.6363128491620111 0.3609375 0.1664804469273743
3 0.4703125 0.12849162011173185 0.0625 0.1653631284916201
13 0.52890625 0.3139664804469274 0.1796875 0.16983240223463686
7 0.4625 0.48044692737430167 0.046875 0.11396648044692738
6 0.49609375 0.5893854748603352 0.1140625 0.07932960893854749
2 0.5125 0.6776536312849162 0.146875 0.08379888268156424
5 0.81015625 0.8167597765363128 0.3796875 0.19441340782122904