12 0.07109375 0.053631284916201116 0.1421875 0.10502793296089385
13 0.3140625 0.14022346368715083 0.33125 0.15977653631284916
3 0.03828125 0.3446927374301676 0.0765625 0.22905027932960895
5 0.3125 0.34972067039106147 0.334375 0.23910614525139665
8 0.59140625 0.029608938547486034 0.2234375 0.05921787709497207
9 0.58984375 0.07988826815642458 0.2203125 0.027932960893854747
4 0.67578125 0.3240223463687151 0.3921875 0.2681564245810056
11 0.83046875 0.05977653631284916 0.1828125 0.11955307262569832
12 0.90390625 0.6134078212290502 0.1921875 0.14078212290502792
4 0.89765625 0.8039106145251397 0.2046875 0.2245810055865922
12 0.58515625 0.6770949720670391 0.2109375 0.2011173184357542
13 0.59140625 0.8564245810055866 0.2234375 0.13519553072625698
7 0.58828125 0.9726256983240223 0.2171875 0.054748603351955305