12 0.3328125 0.1553072625698324 0.253125 0.1452513966480447
4 0.3328125 0.31564245810055863 0.253125 0.15754189944134078
5 0.33359375 0.5050279329608939 0.2515625 0.2100558659217877
3 0.08828125 0.15921787709497207 0.1765625 0.14860335195530727
13 0.08359375 0.3245810055865922 0.1671875 0.1329608938547486
13 0.08125 0.47094972067039104 0.1625 0.11284916201117319
7 0.08125 0.5972067039106145 0.1625 0.09720670391061452
9 0.43125 0.021229050279329607 0.05625 0.03128491620111732
12 0.9125 0.7698324022346369 0.175 0.24134078212290502
5 0.6203125 0.770391061452514 0.259375 0.2424581005586592
7 0.61875 0.9709497206703911 0.20625 0.05810055865921788