5 0.2546875 0.0329608938547486 0.509375 0.0659217877094972
4 0.2546875 0.16983240223463686 0.509375 0.16759776536312848
13 0.2546875 0.3642458100558659 0.509375 0.18100558659217877
6 0.21953125 0.506145251396648 0.4390625 0.04692737430167598
4 0.2546875 0.6273743016759776 0.509375 0.1217877094972067
13 0.2546875 0.7675977653631285 0.509375 0.14748603351955308
7 0.2546875 0.8893854748603351 0.509375 0.08491620111731843
1 0.1140625 0.9675977653631285 0.228125 0.06480446927374302
5 0.90859375 0.8625698324022346 0.1828125 0.2748603351955307
3 0.64453125 0.6743016759776537 0.2609375 0.17430167597765364
4 0.65 0.8849162011173184 0.246875 0.2022346368715084
12 0.9046875 0.6513966480446928 0.190625 0.12960893854748604