8 0.190625 0.22346368715083798 0.334375 0.09385474860335195
9 0.1984375 0.3240223463687151 0.321875 0.054748603351955305
3 0.2 0.45251396648044695 0.325 0.15195530726256984
4 0.20625 0.588268156424581 0.346875 0.12290502793296089
13 0.18671875 0.740782122905028 0.3171875 0.1553072625698324
7 0.1265625 0.8877094972067039 0.1875 0.09497206703910614
3 0.10703125 0.958659217877095 0.159375 0.0446927374301676
12 0.7 0.09273743016759776 0.5234375 0.17206703910614526
5 0.68984375 0.4798882681564246 0.5125 0.5932960893854748
10 0.6984375 0.8709497206703911 0.5203125 0.1888268156424581
11 0.18359375 0.09050279329608939 0.1796875 0.13519553072625698