5 0.4515625 0.14804469273743018 0.075 0.1329608938547486
4 0.4484375 0.37318435754189944 0.08125 0.2681564245810056
7 0.290625 0.44189944134078213 0.2046875 0.1005586592178771
6 0.25390625 0.5452513966480447 0.1359375 0.049162011173184354
13 0.28984375 0.28324022346368716 0.2125 0.15865921787709497
3 0.265625 0.08491620111731843 0.16875 0.16983240223463686
9 0.984375 0.053631284916201116 0.03125 0.017877094972067038
8 0.95234375 0.1111731843575419 0.0953125 0.04581005586592179
4 0.94375 0.28435754189944135 0.1125 0.2424581005586592
5 0.94453125 0.4972067039106145 0.1109375 0.1452513966480447
3 0.7421875 0.3877094972067039 0.1671875 0.2011173184357542
13 0.74765625 0.5396648044692738 0.1703125 0.060335195530726256
11 0.7453125 0.16201117318435754 0.15625 0.20558659217877095
12 0.68984375 0.8391061452513966 0.4015625 0.15865921787709497
4 0.9640625 0.8513966480446927 0.071875 0.1653631284916201
3 0.74453125 0.7273743016759776 0.5109375 0.06256983240223464