8 0.4109375 0.016201117318435754 0.25625 0.03240223463687151
12 0.4109375 0.12067039106145251 0.25625 0.10726256983240223
5 0.39765625 0.36312849162011174 0.2828125 0.35307262569832404
3 0.09765625 0.25977653631284914 0.1953125 0.15307262569832403
4 0.11015625 0.4474860335195531 0.2203125 0.18435754189944134
9 0.4109375 0.04748603351955307 0.25625 0.03687150837988827
11 0.10078125 0.08435754189944134 0.2015625 0.16871508379888267
8 0.1546875 0.6597765363128492 0.309375 0.02569832402234637
9 0.1703125 0.6837988826815642 0.340625 0.017877094972067038
12 0.42109375 0.8150837988826816 0.2359375 0.21564245810055865
7 0.3890625 0.9687150837988827 0.175 0.06256983240223464
5 0.14296875 0.8541899441340782 0.2859375 0.2916201117318436
11 0.12265625 0.5932960893854748 0.146875 0.09720670391061452
7 0.63125 0.8150837988826816 0.184375 0.09050279329608939
4 0.678125 0.6575418994413408 0.278125 0.21787709497206703
5 0.928125 0.7502793296089385 0.14375 0.4212290502793296
13 0.63046875 0.9139664804469274 0.1828125 0.11843575418994413