8 0.03671875 0.05307262569832402 0.0734375 0.07709497206703911
3 0.0328125 0.2664804469273743 0.065625 0.2111731843575419
12 0.07890625 0.505586592178771 0.1578125 0.16871508379888267
9 0.03359375 0.11340782122905028 0.0671875 0.02346368715083799
5 0.2921875 0.21564245810055865 0.115625 0.40670391061452515
13 0.2921875 0.4960893854748603 0.115625 0.1452513966480447
8 0.55859375 0.04860335195530726 0.4171875 0.09720670391061452
5 0.7921875 0.34804469273743016 0.415625 0.42793296089385474
12 0.440625 0.20335195530726258 0.18125 0.12960893854748604
3 0.42578125 0.3541899441340782 0.1515625 0.12067039106145251
2 0.41796875 0.5005586592178771 0.1359375 0.1005586592178771
11 0.946875 0.05977653631284916 0.10625 0.11955307262569832