5 0.3609375 0.16145251396648044 0.3375 0.3229050279329609
4 0.36171875 0.39273743016759777 0.3359375 0.1329608938547486
3 0.05234375 0.18603351955307262 0.1046875 0.18659217877094972
13 0.0296875 0.358659217877095 0.059375 0.1430167597765363
11 0.0796875 0.038547486033519554 0.159375 0.07709497206703911
5 0.77421875 0.26927374301675977 0.4515625 0.37988826815642457
12 0.7765625 0.028491620111731845 0.446875 0.05698324022346369
5 0.26484375 0.729608938547486 0.5296875 0.5407821229050279
8 0.96328125 0.5832402234636872 0.0734375 0.017877094972067038
3 0.87890625 0.6804469273743017 0.2421875 0.07150837988826815
4 0.76484375 0.8424581005586592 0.4703125 0.22346368715083798
11 0.6234375 0.6284916201117319 0.1875 0.1664804469273743