4 0.2875 0.04860335195530726 0.484375 0.09720670391061452
5 0.29140625 0.2698324022346369 0.4765625 0.31843575418994413
10 0.90234375 0.19944134078212292 0.1953125 0.35195530726256985
2 0.90390625 0.4011173184357542 0.1921875 0.055865921787709494
13 0.63203125 0.1335195530726257 0.2046875 0.1664804469273743
7 0.62421875 0.2759776536312849 0.1890625 0.10502793296089385
6 0.57734375 0.38324022346368714 0.0953125 0.09162011173184358
4 0.26484375 0.47374301675977654 0.5296875 0.0893854748603352
5 0.26484375 0.7340782122905027 0.5296875 0.4044692737430168
13 0.13984375 0.9731843575418995 0.2796875 0.053631284916201116
9 0.72890625 0.4363128491620112 0.3234375 0.01452513966480447
5 0.74609375 0.829050279329609 0.3671875 0.11620111731843576
2 0.7375 0.9424581005586592 0.340625 0.05027932960893855
4 0.74921875 0.6184357541899441 0.3671875 0.2335195530726257