12 0.2125 0.07374301675977654 0.425 0.14748603351955308
4 0.24375 0.25865921787709495 0.4875 0.20893854748603352
10 0.24140625 0.41564245810055866 0.4828125 0.08715083798882682
11 0.453125 0.049720670391061456 0.1125 0.09944134078212291
4 0.7546875 0.2005586592178771 0.490625 0.13966480446927373
3 0.73828125 0.07486033519553073 0.4578125 0.0782122905027933
13 0.7546875 0.36983240223463687 0.490625 0.14078212290502792
8 0.67109375 0.015083798882681564 0.3234375 0.030167597765363128
9 0.92421875 0.01675977653631285 0.1515625 0.0335195530726257
5 0.2546875 0.8050279329608938 0.509375 0.38994413407821227
9 0.0765625 0.4810055865921788 0.153125 0.02569832402234637
12 0.2546875 0.5251396648044693 0.509375 0.05810055865921788