3 0.11640625 0.1458100558659218 0.2046875 0.2916201117318436
6 0.0890625 0.32737430167597764 0.14375 0.04357541899441341
7 0.1453125 0.376536312849162 0.259375 0.026815642458100558
8 0.9296875 0.0446927374301676 0.140625 0.0335195530726257
5 0.91640625 0.26424581005586595 0.1671875 0.25139664804469275
3 0.71875 0.21396648044692737 0.1625 0.08603351955307263
12 0.715625 0.3335195530726257 0.15625 0.11284916201117319
9 0.94609375 0.07430167597765364 0.1078125 0.02569832402234637
11 0.71484375 0.06983240223463687 0.1421875 0.13966480446927373
8 0.2203125 0.5078212290502794 0.2171875 0.02569832402234637
3 0.2203125 0.6452513966480447 0.2203125 0.17430167597765364
13 0.2171875 0.8581005586592179 0.2109375 0.1776536312849162