5 0.209375 0.19162011173184357 0.41875 0.31620111731843575
1 0.95546875 0.2122905027932961 0.0890625 0.23016759776536314
4 0.625 0.05865921787709497 0.40625 0.11731843575418995
5 0.63828125 0.25027932960893856 0.4296875 0.19888268156424582
3 0.11171875 0.5402234636871508 0.2234375 0.16424581005586592
5 0.12734375 0.8156424581005587 0.2546875 0.3687150837988827
12 0.4875 0.47094972067039104 0.1375 0.10391061452513967
1 0.48125 0.5916201117318436 0.125 0.10391061452513967
3 0.46796875 0.7256983240223464 0.0984375 0.11508379888268157
5 0.84609375 0.42569832402234636 0.3078125 0.15195530726256984
4 0.846875 0.6653631284916202 0.30625 0.264804469273743
7 0.84921875 0.8698324022346369 0.3015625 0.09944134078212291