8 0.56640625 0.10335195530726257 0.215625 0.04581005586592179
12 0.63359375 0.20893854748603352 0.515625 0.06256983240223464
5 0.8 0.4441340782122905 0.2578125 0.3027932960893855
4 0.50859375 0.5173184357541899 0.2375 0.46033519553072627
10 0.52109375 0.8631284916201117 0.2375 0.18212290502793296
13 0.81875 0.7877094972067039 0.225 0.3564245810055866
3 0.1765625 0.4681564245810056 0.2296875 0.16201117318435754
7 0.19375 0.6787709497206704 0.2703125 0.17430167597765364
6 0.16953125 0.876536312849162 0.2265625 0.14972067039106146
9 0.453125 0.15139664804469274 0.1671875 0.041340782122905026
11 0.2015625 0.19832402234636873 0.24375 0.27262569832402234