12 0.1109375 0.03798882681564246 0.14375 0.07597765363128492
3 0.0984375 0.25921787709497207 0.125 0.12625698324022347
4 0.12734375 0.4653631284916201 0.1765625 0.2245810055865922
5 0.3421875 0.4201117318435754 0.178125 0.3128491620111732
11 0.30703125 0.08212290502793296 0.2296875 0.16424581005586592
4 0.79765625 0.19106145251396647 0.2953125 0.38212290502793295
7 0.7625 0.5513966480446927 0.225 0.07262569832402235
13 0.7609375 0.45027932960893857 0.221875 0.11620111731843576
13 0.1890625 0.8536312849162011 0.240625 0.16201117318435754
4 0.5078125 0.8592178770949721 0.284375 0.17653631284916202
3 0.20625 0.6782122905027933 0.21875 0.05810055865921788