5 0.19765625 0.32737430167597764 0.3953125 0.5452513966480447
1 0.8734375 0.4111731843575419 0.253125 0.3776536312849162
4 0.5640625 0.10502793296089385 0.290625 0.2100558659217877
5 0.56796875 0.4083798882681564 0.2984375 0.38324022346368714
13 0.87890625 0.1100558659217877 0.2 0.20335195530726258
5 0.209375 0.858659217877095 0.41875 0.28268156424581004
3 0.209375 0.6324022346368715 0.41875 0.024581005586592177
9 0.0609375 0.6094972067039106 0.121875 0.01899441340782123
9 0.06796875 0.6670391061452514 0.1359375 0.026815642458100558
5 0.865625 0.8 0.26875 0.4
4 0.54921875 0.8569832402234637 0.2609375 0.2860335195530726