3 0.109375 0.06536312849162011 0.21875 0.12849162011173185
12 0.11484375 0.22513966480446929 0.2296875 0.15307262569832403
13 0.028125 0.39217877094972065 0.05625 0.14972067039106146
6 0.01171875 0.5407821229050279 0.0234375 0.09608938547486033
5 0.38984375 0.2905027932960894 0.1578125 0.5162011173184358
1 0.3890625 0.6156424581005586 0.159375 0.09162011173184358
13 0.3875 0.7284916201117319 0.1625 0.049162011173184354
11 0.13046875 0.6932960893854748 0.2609375 0.15754189944134078
8 0.890625 0.10335195530726257 0.21875 0.04357541899441341
9 0.9203125 0.15418994413407822 0.159375 0.0223463687150838
13 0.6171875 0.5173184357541899 0.2875 0.19664804469273742
13 0.6234375 0.723463687150838 0.20625 0.11284916201117319
3 0.91171875 0.741340782122905 0.1765625 0.07709497206703911
4 0.6328125 0.20726256983240224 0.234375 0.3407821229050279
11 0.90546875 0.47653631284916204 0.1890625 0.2581005586592179
5 0.234375 0.8899441340782123 0.46875 0.2201117318435754
7 0.59921875 0.8513966480446927 0.13125 0.12067039106145251
13 0.7390625 0.8513966480446927 0.1328125 0.12290502793296089
2 0.59765625 0.9687150837988827 0.1265625 0.06256983240223464
6 0.7328125 0.9687150837988827 0.125 0.06256983240223464