12 0.06484375 0.0888268156424581 0.1296875 0.1776536312849162
5 0.3265625 0.10502793296089385 0.284375 0.2100558659217877
4 0.3265625 0.3139664804469274 0.284375 0.16759776536312848
13 0.32734375 0.5083798882681564 0.2828125 0.18100558659217877
6 0.328125 0.6575418994413408 0.28125 0.061452513966480445
7 0.0453125 0.6553072625698324 0.090625 0.054748603351955305
3 0.0390625 0.3027932960893855 0.078125 0.16312849162011173
4 0.66796875 0.08826815642458101 0.3875 0.15195530726256984
10 0.6859375 0.3011173184357542 0.434375 0.23798882681564246
5 0.69140625 0.5698324022346368 0.4453125 0.27932960893854747
6 0.97734375 0.6564245810055865 0.0453125 0.054748603351955305
8 0.2609375 0.7402234636871509 0.2796875 0.034636871508379886
12 0.2609375 0.829050279329609 0.2734375 0.07150837988826815
9 0.184375 0.7748603351955308 0.13125 0.0223463687150838
9 0.73359375 0.8128491620111732 0.5296875 0.03687150837988827
4 0.73046875 0.9312849162011173 0.5234375 0.1329608938547486
11 0.8625 0.7329608938547486 0.2375 0.04692737430167598