4 0.30625 0.07374301675977654 0.165625 0.14748603351955308
5 0.30859375 0.2860335195530726 0.1609375 0.1877094972067039
6 0.04921875 0.33631284916201115 0.0984375 0.08715083798882682
7 0.0296875 0.20558659217877095 0.059375 0.10279329608938548
5 0.69453125 0.10223463687150838 0.6109375 0.20446927374301677
4 0.6953125 0.3139664804469274 0.609375 0.1318435754189944
4 0.315625 0.7581005586592179 0.146875 0.15754189944134078
13 0.09375 0.8508379888268156 0.1875 0.18659217877094972
13 0.1078125 0.6541899441340782 0.215625 0.13072625698324022
3 0.09140625 0.46871508379888266 0.1828125 0.1329608938547486
13 0.52265625 0.4888268156424581 0.2671875 0.17094972067039105
5 0.6421875 0.7787709497206704 0.50625 0.35977653631284917