4 0.31953125 0.16201117318435754 0.6390625 0.3240223463687151
9 0.71171875 0.054748603351955305 0.1453125 0.0223463687150838
13 0.79140625 0.22960893854748604 0.3046875 0.08603351955307263
6 0.09375 0.952513966480447 0.18125 0.09497206703910614
13 0.51953125 0.5195530726256983 0.2390625 0.17653631284916202
3 0.1578125 0.6502793296089385 0.303125 0.43798882681564244
4 0.5203125 0.7435754189944134 0.2375 0.2536312849162011
12 0.50390625 0.38379888268156426 0.2703125 0.08826815642458101
5 0.51953125 0.9301675977653632 0.2390625 0.13966480446927373
12 0.81953125 0.4346368715083799 0.3609375 0.1005586592178771
5 0.81953125 0.7418994413407821 0.3609375 0.4670391061452514