8 0.66171875 0.06983240223463687 0.4453125 0.04357541899441341
9 0.6640625 0.13128491620111732 0.246875 0.0335195530726257
12 0.65078125 0.2620111731843575 0.6 0.12290502793296089
4 0.6484375 0.4072625698324022 0.603125 0.1430167597765363
5 0.6484375 0.5849162011173185 0.6046875 0.2
1 0.62265625 0.7430167597765364 0.53125 0.09608938547486033
6 0.175 0.8122905027932961 0.2671875 0.1430167597765363
13 0.175 0.6715083798882682 0.2546875 0.10167597765363129
7 0.175 0.5597765363128492 0.25 0.0893854748603352
13 0.17578125 0.4206703910614525 0.234375 0.12625698324022347
3 0.17578125 0.26424581005586595 0.25 0.13743016759776536