8 0.08671875 0.04078212290502793 0.15 0.024581005586592177
3 0.271875 0.09888268156424582 0.5234375 0.09050279329608939
4 0.31171875 0.34413407821229053 0.609375 0.10502793296089385
3 0.82265625 0.32905027932960895 0.3359375 0.13631284916201117
13 0.82265625 0.5782122905027933 0.3359375 0.3575418994413408
7 0.79609375 0.8145251396648044 0.2890625 0.05698324022346369
6 0.31875 0.8569832402234637 0.634375 0.12849162011173185
13 0.32109375 0.6502793296089385 0.634375 0.2759776536312849
5 0.328125 0.4519553072625698 0.6375 0.11396648044692738
11 0.83125 0.12290502793296089 0.278125 0.19664804469273742
8 0.80703125 0.2430167597765363 0.1734375 0.03687150837988827