5 0.284375 0.16983240223463686 0.56875 0.3396648044692737
13 0.1546875 0.4044692737430168 0.309375 0.10949720670391061
5 0.36015625 0.7664804469273743 0.4171875 0.45363128491620114
13 0.0703125 0.7335195530726257 0.140625 0.15977653631284916
10 0.071875 0.9184357541899442 0.14375 0.16089385474860335
12 0.740625 0.5810055865921788 0.34375 0.08268156424581005
3 0.784375 0.6877094972067039 0.43125 0.06815642458100558
4 0.709375 0.8122905027932961 0.28125 0.10949720670391061
13 0.959375 0.8335195530726257 0.08125 0.15418994413407822
7 0.95859375 0.8888268156424581 0.0828125 0.04357541899441341
5 0.7078125 0.9435754189944134 0.278125 0.11284916201117319