3 0.17421875 0.017877094972067038 0.3484375 0.035754189944134075
12 0.18984375 0.08603351955307263 0.3796875 0.03128491620111732
4 0.109375 0.15921787709497207 0.21875 0.10391061452513967
5 0.18984375 0.3106145251396648 0.3796875 0.1787709497206704
9 0.021875 0.060335195530726256 0.04375 0.024581005586592177
5 0.50078125 0.26256983240223464 0.2421875 0.3128491620111732
13 0.81953125 0.1782122905027933 0.3015625 0.12402234636871508
7 0.79375 0.276536312849162 0.25 0.06480446927374302
13 0.8203125 0.36089385474860336 0.321875 0.11620111731843576
3 0.49140625 0.06927374301675977 0.2234375 0.0335195530726257
11 0.9296875 0.05307262569832402 0.140625 0.10614525139664804
5 0.18984375 0.8089385474860336 0.3796875 0.38212290502793295
12 0.18984375 0.5368715083798883 0.3796875 0.12849162011173185
9 0.096875 0.42960893854748605 0.19375 0.021229050279329607