4 0.1421875 0.07094972067039106 0.278125 0.1418994413407821
5 0.134375 0.24748603351955306 0.2671875 0.19106145251396647
1 0.09765625 0.394413407821229 0.1953125 0.08044692737430167
3 0.03046875 0.5106145251396648 0.0609375 0.05139664804469274
8 0.57109375 0.14022346368715083 0.0828125 0.02346368715083799
9 0.5609375 0.16927374301675976 0.0625 0.01899441340782123
12 0.8484375 0.026815642458100558 0.303125 0.053631284916201116
3 0.5609375 0.27150837988826815 0.0625 0.15418994413407822
7 0.59921875 0.4145251396648045 0.1390625 0.10949720670391061
13 0.6 0.5508379888268157 0.140625 0.1318435754189944
5 0.84609375 0.23016759776536314 0.3078125 0.33519553072625696
4 0.84609375 0.4547486033519553 0.3078125 0.08044692737430167
6 0.85 0.5664804469273743 0.3 0.10502793296089385
11 0.57890625 0.053631284916201116 0.0984375 0.10726256983240223
5 0.77109375 0.8167597765363128 0.4578125 0.3664804469273743