8 0.6671875 0.07653631284916201 0.4375 0.041340782122905026
12 0.64921875 0.2787709497206704 0.609375 0.1452513966480447
4 0.64765625 0.43910614525139663 0.60625 0.15865921787709497
5 0.64765625 0.6284916201117319 0.603125 0.2100558659217877
1 0.61640625 0.7916201117318435 0.5359375 0.10837988826815642
3 0.178125 0.28212290502793297 0.271875 0.14860335195530727
13 0.17578125 0.4480446927374302 0.259375 0.1329608938547486
13 0.171875 0.5944134078212291 0.259375 0.11396648044692738
7 0.171875 0.7206703910614525 0.2578125 0.09720670391061452
6 0.178125 0.8715083798882681 0.2640625 0.14972067039106146
9 0.6609375 0.14469273743016758 0.240625 0.03128491620111732