5 0.33203125 0.13575418994413407 0.2140625 0.27150837988826815
4 0.3328125 0.38379888268156426 0.2125 0.2
6 0.08515625 0.42178770949720673 0.1703125 0.11731843575418995
7 0.09296875 0.28268156424581004 0.1859375 0.1005586592178771
13 0.08359375 0.13128491620111732 0.1671875 0.12849162011173185
3 0.0921875 0.019553072625698324 0.184375 0.03910614525139665
3 0.678125 0.038547486033519554 0.478125 0.06368715083798883
8 0.5984375 0.15810055865921788 0.31875 0.05251396648044693
12 0.71953125 0.25251396648044694 0.5609375 0.07597765363128492
5 0.71796875 0.4011173184357542 0.5578125 0.2122905027932961
12 0.5796875 0.6491620111731844 0.28125 0.15865921787709497
13 0.90703125 0.6251396648044693 0.1859375 0.1106145251396648
5 0.90703125 0.852513966480447 0.1859375 0.29497206703910617
3 0.5796875 0.8564245810055866 0.2796875 0.2