8 0.659375 0.06927374301675977 0.4390625 0.054748603351955305
9 0.66484375 0.1418994413407821 0.2796875 0.034636871508379886
12 0.65234375 0.26256983240223464 0.60625 0.1329608938547486
4 0.6453125 0.4106145251396648 0.609375 0.1452513966480447
5 0.64921875 0.588268156424581 0.60625 0.19106145251396647
1 0.6171875 0.7385474860335196 0.5328125 0.09608938547486033
3 0.17421875 0.26536312849162014 0.259375 0.13743016759776536
13 0.1734375 0.4206703910614525 0.246875 0.12402234636871508
7 0.17578125 0.5569832402234637 0.2515625 0.09273743016759776
13 0.17890625 0.6726256983240223 0.25625 0.10279329608938548
6 0.178125 0.8184357541899442 0.2625 0.13743016759776536