5 0.409375 0.1441340782122905 0.259375 0.288268156424581
4 0.40859375 0.3843575418994413 0.2609375 0.16983240223463686
3 0.096875 0.20279329608938548 0.19375 0.21340782122905028
13 0.12421875 0.39776536312849164 0.2484375 0.1430167597765363
11 0.1203125 0.044134078212290505 0.240625 0.08826815642458101
10 0.3578125 0.5636871508379888 0.3625 0.1888268156424581
4 0.36015625 0.8223463687150838 0.3578125 0.2636871508379888
13 0.07109375 0.9279329608938548 0.1421875 0.11284916201117319
7 0.075 0.7251396648044692 0.15 0.22346368715083798
5 0.90859375 0.705586592178771 0.1828125 0.47262569832402235
3 0.65234375 0.5195530726256983 0.2171875 0.1005586592178771
4 0.66484375 0.7335195530726257 0.2515625 0.26033519553072626
13 0.6625 0.9351955307262569 0.246875 0.09832402234636871