8 0.290625 0.11452513966480447 0.2421875 0.1318435754189944
12 0.79375 0.3893854748603352 0.3015625 0.15195530726256984
13 0.7953125 0.5726256983240223 0.296875 0.15083798882681565
6 0.8015625 0.7189944134078212 0.2953125 0.09162011173184358
3 0.84140625 0.8508379888268156 0.203125 0.10502793296089385
4 0.33984375 0.37988826815642457 0.365625 0.15418994413407822
1 0.371875 0.5385474860335195 0.30625 0.11173184357541899
5 0.31484375 0.7932960893854749 0.415625 0.3340782122905028
9 0.284375 0.20614525139664805 0.3765625 0.03128491620111732
12 0.28984375 0.23854748603351955 0.4171875 0.02905027932960894
11 0.76171875 0.16201117318435754 0.3421875 0.2335195530726257