12 0.08046875 0.05307262569832402 0.1609375 0.10614525139664804
5 0.371875 0.21452513966480447 0.275 0.42905027932960893
3 0.05703125 0.18603351955307262 0.1140625 0.11508379888268157
4 0.06796875 0.3715083798882682 0.1359375 0.11508379888268157
9 0.4671875 0.4491620111731844 0.084375 0.02905027932960894
12 0.4765625 0.5469273743016759 0.065625 0.10614525139664804
5 0.46875 0.7776536312849162 0.08125 0.288268156424581
4 0.296875 0.7301675977653631 0.1265625 0.2770949720670391
3 0.2984375 0.9553072625698324 0.13125 0.0893854748603352
11 0.30703125 0.4899441340782123 0.1828125 0.1217877094972067
5 0.7546875 0.7335195530726257 0.490625 0.38324022346368714
12 0.7546875 0.4759776536312849 0.490625 0.09385474860335195