12 0.2796875 0.02346368715083799 0.559375 0.04692737430167598
13 0.2796875 0.10949720670391061 0.559375 0.09162011173184358
4 0.2796875 0.2664804469273743 0.559375 0.1776536312849162
5 0.2796875 0.488268156424581 0.559375 0.22346368715083798
8 0.73671875 0.07932960893854749 0.3546875 0.053631284916201116
9 0.628125 0.14972067039106146 0.1375 0.02011173184357542
3 0.684375 0.30726256983240224 0.203125 0.07597765363128492
4 0.76484375 0.5156424581005586 0.3640625 0.16871508379888267
3 0.29140625 0.6284916201117319 0.5359375 0.05698324022346369
13 0.29296875 0.7368715083798882 0.5328125 0.06368715083798883
12 0.29375 0.8435754189944135 0.53125 0.0335195530726257
5 0.65 0.7921787709497207 0.18125 0.29720670391061454