12 0.5046875 0.12905027932960894 0.215625 0.2581005586592179
3 0.15234375 0.4541899441340782 0.2890625 0.09050279329608939
11 0.16484375 0.20279329608938548 0.284375 0.2916201117318436
8 0.14453125 0.36815642458100556 0.209375 0.02346368715083799
9 0.14296875 0.39888268156424583 0.0921875 0.026815642458100558
3 0.78828125 0.24636871508379887 0.3171875 0.19106145251396647
12 0.7703125 0.08156424581005586 0.28125 0.12960893854748604
13 0.77734375 0.5167597765363129 0.2953125 0.10614525139664804
7 0.778125 0.40670391061452515 0.296875 0.09832402234636871
4 0.18203125 0.858659217877095 0.3640625 0.2022346368715084
13 0.51171875 0.840782122905028 0.2359375 0.15754189944134078
6 0.51171875 0.9614525139664805 0.2359375 0.07709497206703911
8 0.38828125 0.623463687150838 0.325 0.03240223463687151
3 0.325 0.6865921787709497 0.609375 0.027932960893854747
11 0.396875 0.5865921787709497 0.171875 0.0335195530726257
9 0.3765625 0.6575418994413408 0.234375 0.0335195530726257
3 0.93125 0.6122905027932961 0.1375 0.08491620111731843
5 0.81484375 0.7737430167597765 0.3703125 0.20893854748603352
4 0.81484375 0.9486033519553073 0.3703125 0.10279329608938548