12 0.0578125 0.14748603351955308 0.115625 0.12960893854748604
13 0.04921875 0.33631284916201115 0.0984375 0.2011173184357542
7 0.05390625 0.5189944134078213 0.1078125 0.10837988826815642
12 0.0484375 0.6418994413407821 0.096875 0.08379888268156424
4 0.415625 0.5787709497206703 0.4875 0.3016759776536313
5 0.41484375 0.22737430167597766 0.4890625 0.3027932960893855
12 0.8296875 0.030726256983240222 0.340625 0.061452513966480445
5 0.8625 0.28212290502793297 0.275 0.24916201117318434
4 0.85859375 0.5748603351955307 0.2828125 0.28044692737430166
5 0.8296875 0.9491620111731843 0.340625 0.10167597765363129
13 0.82734375 0.8340782122905028 0.3359375 0.09497206703910614