4 0.2796875 0.13631284916201117 0.559375 0.16089385474860335
3 0.2796875 0.011731843575418994 0.559375 0.02346368715083799
5 0.2796875 0.36312849162011174 0.559375 0.2324022346368715
3 0.7796875 0.06424581005586592 0.440625 0.054748603351955305
8 0.7796875 0.012290502793296089 0.440625 0.024581005586592177
5 0.7796875 0.3418994413407821 0.440625 0.2748603351955307
12 0.7796875 0.15363128491620112 0.440625 0.041340782122905026
5 0.15234375 0.6078212290502794 0.3046875 0.2569832402234637
4 0.23671875 0.8435754189944135 0.4734375 0.15195530726256984
1 0.25703125 0.9815642458100559 0.5140625 0.03687150837988827
12 0.7796875 0.6821229050279329 0.440625 0.11284916201117319
5 0.7796875 0.8798882681564246 0.440625 0.24022346368715083
11 0.8875 0.5284916201117319 0.225 0.09832402234636871