4 0.4828125 0.1564245810055866 0.334375 0.22569832402234638
3 0.08359375 0.12346368715083798 0.1671875 0.1329608938547486
13 0.8953125 0.04860335195530726 0.209375 0.09720670391061452
7 0.89296875 0.15251396648044693 0.2046875 0.07039106145251396
6 0.89453125 0.23687150837988827 0.2109375 0.06480446927374302
5 0.4 0.4670391061452514 0.5 0.39553072625698327
4 0.40703125 0.7871508379888268 0.4859375 0.2223463687150838
3 0.05546875 0.3558659217877095 0.1109375 0.12402234636871508
13 0.04296875 0.5446927374301676 0.0859375 0.2
7 0.03828125 0.7547486033519553 0.0765625 0.17541899441340783
13 0.07734375 0.8731843575418995 0.1546875 0.05251396648044693
6 0.325 0.9553072625698324 0.65 0.08715083798882682
3 0.78828125 0.4653631284916201 0.2765625 0.13966480446927373
12 0.81484375 0.6139664804469274 0.3296875 0.10614525139664804
5 0.825 0.7564245810055866 0.35 0.18100558659217877
4 0.79296875 0.9284916201117318 0.2859375 0.1430167597765363