5 0.21484375 0.19162011173184357 0.4296875 0.31620111731843575
4 0.71484375 0.06424581005586592 0.5703125 0.12849162011173185
1 0.71484375 0.22793296089385476 0.5703125 0.16089385474860335
12 0.15 0.39664804469273746 0.3 0.09385474860335195
3 0.38203125 0.39106145251396646 0.0953125 0.08268156424581005
13 0.378125 0.5301675977653632 0.103125 0.17541899441340783
7 0.38046875 0.6541899441340782 0.0984375 0.05921787709497207
5 0.15234375 0.7089385474860335 0.3046875 0.48379888268156424
4 0.7546875 0.46983240223463685 0.490625 0.18659217877094972
13 0.75234375 0.7240223463687151 0.4953125 0.2837988826815642
5 0.7546875 0.9480446927374302 0.490625 0.10391061452513967