4 0.42109375 0.06759776536312849 0.3359375 0.13519553072625698
5 0.42109375 0.2810055865921788 0.3359375 0.23798882681564246
3 0.04921875 0.03966480446927374 0.0984375 0.07932960893854749
13 0.08125 0.23072625698324023 0.1625 0.25139664804469275
7 0.08671875 0.4430167597765363 0.1734375 0.1329608938547486
1 0.42265625 0.46256983240223465 0.3328125 0.09385474860335195
8 0.65234375 0.06089385474860335 0.1265625 0.02346368715083799
3 0.78515625 0.11452513966480447 0.3921875 0.2
4 0.79453125 0.37206703910614525 0.4109375 0.2748603351955307
5 0.3 0.7865921787709497 0.578125 0.42681564245810055
3 0.29609375 0.5301675977653632 0.5703125 0.041340782122905026