8 0.375 0.025139664804469275 0.478125 0.034636871508379886
3 0.32109375 0.0893854748603352 0.5953125 0.0893854748603352
4 0.32265625 0.21787709497206703 0.5921875 0.10949720670391061
7 0.21171875 0.3329608938547486 0.35625 0.0659217877094972
5 0.3234375 0.5078212290502794 0.590625 0.2424581005586592
11 0.046875 0.02346368715083799 0.084375 0.04692737430167598
8 0.7546875 0.009497206703910615 0.271875 0.01899441340782123
9 0.65390625 0.035754189944134075 0.0703125 0.017877094972067038
5 0.82265625 0.2558659217877095 0.3546875 0.31508379888268156
4 0.8203125 0.5430167597765363 0.353125 0.17206703910614526
12 0.0953125 0.6966480446927374 0.190625 0.09944134078212291
3 0.0359375 0.8927374301675978 0.071875 0.21452513966480447
5 0.42265625 0.8033519553072626 0.3921875 0.31508379888268156