5 0.51875 0.16033519553072625 0.38125 0.3206703910614525
6 0.11796875 0.31452513966480444 0.16875 0.16759776536312848
13 0.13125 0.09497206703910614 0.203125 0.18994413407821228
3 0.84921875 0.04189944134078212 0.2796875 0.08379888268156424
13 0.85 0.164804469273743 0.2765625 0.12625698324022347
7 0.85 0.31564245810055863 0.271875 0.14078212290502792
9 0.77578125 0.43687150837988825 0.1328125 0.08491620111731843
4 0.48203125 0.5363128491620112 0.4546875 0.11396648044692738
5 0.47890625 0.7675977653631285 0.4609375 0.33743016759776534
13 0.11953125 0.7837988826815643 0.2390625 0.3877094972067039
3 0.11015625 0.5491620111731843 0.2203125 0.08156424581005586
5 0.8546875 0.7905027932960894 0.290625 0.4011173184357542
3 0.8546875 0.5111731843575419 0.290625 0.06368715083798883