3 0.18515625 0.05921787709497207 0.3703125 0.11843575418994413
9 0.084375 0.1770949720670391 0.16875 0.01675977653631285
4 0.209375 0.3368715083798883 0.41875 0.3027932960893855
5 0.878125 0.21731843575418994 0.24375 0.2201117318435754
4 0.87421875 0.044134078212290505 0.2515625 0.08826815642458101
7 0.54765625 0.0446927374301676 0.2140625 0.0893854748603352
6 0.54375 0.33910614525139665 0.21875 0.13966480446927373
13 0.87734375 0.4044692737430168 0.2453125 0.11173184357541899
13 0.54140625 0.1787709497206704 0.2140625 0.14078212290502792
6 0.51953125 0.46033519553072627 0.1671875 0.05810055865921788
1 0.29921875 0.9273743016759777 0.2390625 0.12067039106145251
13 0.3 0.6061452513966481 0.2375 0.2335195530726257
12 0.30234375 0.794413407821229 0.2328125 0.09608938547486033