5 0.2421875 0.1664804469273743 0.39375 0.32625698324022345
8 0.59140625 0.01005586592178771 0.296875 0.02011173184357542
3 0.6734375 0.07932960893854749 0.46875 0.15865921787709497
5 0.71953125 0.24636871508379887 0.5609375 0.1664804469273743
12 0.11328125 0.39608938547486033 0.2265625 0.1329608938547486
4 0.36015625 0.5988826815642458 0.1578125 0.16759776536312848
13 0.3609375 0.7932960893854749 0.15625 0.18100558659217877
6 0.36171875 0.9424581005586592 0.1546875 0.061452513966480445
7 0.09375 0.9402234636871508 0.1875 0.054748603351955305
3 0.0875 0.587709497206704 0.175 0.16312849162011173
5 0.73984375 0.5720670391061452 0.5203125 0.4849162011173184
13 0.546875 0.8832402234636871 0.134375 0.11955307262569832
6 0.86875 0.8754189944134079 0.190625 0.1005586592178771