13 0.0265625 0.2877094972067039 0.053125 0.16201117318435754
4 0.35546875 0.293854748603352 0.4890625 0.17653631284916202
5 0.3546875 0.5245810055865922 0.490625 0.1888268156424581
7 0.025 0.5016759776536313 0.05 0.12067039106145251
9 0.4421875 0.006145251396648044 0.315625 0.012290502793296089
3 0.03046875 0.10614525139664804 0.0609375 0.07150837988826815
5 0.8671875 0.27039106145251396 0.265625 0.36201117318435755
12 0.8671875 0.02346368715083799 0.265625 0.04692737430167598
4 0.86953125 0.5508379888268157 0.2609375 0.13631284916201117
4 0.36875 0.8273743016759777 0.4484375 0.2335195530726257
13 0.06015625 0.7396648044692737 0.1203125 0.16312849162011173
6 0.05859375 0.9223463687150838 0.1171875 0.12849162011173185