8 0.18046875 0.22681564245810057 0.125 0.07262569832402235
3 0.1765625 0.35810055865921786 0.2078125 0.1653631284916201
7 0.10078125 0.5100558659217878 0.159375 0.1217877094972067
13 0.12578125 0.6636871508379888 0.2046875 0.16759776536312848
13 0.109375 0.8368715083798882 0.1828125 0.15865921787709497
13 0.596875 0.6340782122905028 0.4484375 0.18547486033519553
6 0.5734375 0.7877094972067039 0.40625 0.10837988826815642
5 0.51640625 0.4262569832402235 0.290625 0.21675977653631284
4 0.5828125 0.19832402234636873 0.4234375 0.22346368715083798
12 0.64453125 0.048044692737430165 0.54375 0.06256983240223464
11 0.18359375 0.08994413407821229 0.2046875 0.1463687150837989