5 0.25546875 0.17597765363128492 0.4671875 0.35195530726256985
4 0.2546875 0.4759776536312849 0.46875 0.20782122905027933
12 0.921875 0.28044692737430166 0.15625 0.0893854748603352
13 0.8921875 0.4016759776536313 0.096875 0.11731843575418995
7 0.5921875 0.5033519553072626 0.20625 0.054748603351955305
5 0.634375 0.364804469273743 0.290625 0.19106145251396647
4 0.621875 0.1877094972067039 0.265625 0.1329608938547486
3 0.55546875 0.016201117318435754 0.1328125 0.03240223463687151
11 0.91015625 0.08659217877094973 0.1796875 0.17318435754189945
5 0.5765625 0.6865921787709497 0.175 0.20893854748603352
4 0.74453125 0.9050279329608939 0.5109375 0.18994413407821228