8 0.4265625 0.00782122905027933 0.325 0.01564245810055866
12 0.375 0.19776536312849163 0.428125 0.1452513966480447
4 0.375 0.35810055865921786 0.428125 0.15754189944134078
3 0.065625 0.2016759776536313 0.13125 0.14860335195530727
13 0.0609375 0.36703910614525137 0.121875 0.1329608938547486
9 0.4734375 0.06368715083798883 0.23125 0.03128491620111732
9 0.78515625 0.054748603351955305 0.3921875 0.02011173184357542
13 0.8796875 0.2849162011173184 0.240625 0.23016759776536314
4 0.65234375 0.3128491620111732 0.1265625 0.28156424581005585
3 0.76484375 0.14804469273743018 0.3515625 0.03240223463687151
12 0.79453125 0.07709497206703911 0.4109375 0.026815642458100558
8 0.41640625 0.46759776536312847 0.3453125 0.01675977653631285
9 0.459375 0.5212290502793296 0.259375 0.034636871508379886
12 0.37109375 0.6418994413407821 0.4359375 0.1329608938547486
4 0.3671875 0.7899441340782123 0.44375 0.1452513966480447
5 0.36953125 0.9363128491620112 0.4390625 0.12737430167597766
3 0.05390625 0.6452513966480447 0.1078125 0.13743016759776536
13 0.05 0.8005586592178771 0.1 0.12402234636871508
7 0.053125 0.9363128491620112 0.10625 0.09162011173184358