8 0.1109375 0.003910614525139665 0.221875 0.00782122905027933
3 0.2390625 0.05418994413407821 0.478125 0.08826815642458101
9 0.0765625 0.13463687150837989 0.153125 0.04581005586592179
12 0.275 0.20949720670391062 0.55 0.07932960893854749
4 0.275 0.3027932960893855 0.55 0.09162011173184358
5 0.275 0.41284916201117317 0.55 0.10391061452513967
13 0.20703125 0.5268156424581005 0.4140625 0.09944134078212291
5 0.275 0.9162011173184358 0.55 0.16759776536312848
12 0.275 0.7782122905027933 0.55 0.08826815642458101
3 0.275 0.6692737430167598 0.55 0.042458100558659215
8 0.19453125 0.6089385474860335 0.2234375 0.03798882681564246
8 0.61328125 0.6502793296089385 0.115625 0.017877094972067038
3 0.74765625 0.7474860335195531 0.3953125 0.07150837988826815
4 0.7609375 0.8988826815642458 0.421875 0.2022346368715084