5 0.275 0.056424581005586595 0.55 0.11284916201117319
4 0.275 0.1893854748603352 0.55 0.11284916201117319
1 0.275 0.2988826815642458 0.55 0.08826815642458101
5 0.83984375 0.41675977653631285 0.3203125 0.18547486033519553
12 0.85390625 0.23631284916201117 0.2921875 0.09050279329608939
8 0.84609375 0.10837988826815642 0.3078125 0.0782122905027933
9 0.85 0.16368715083798882 0.3 0.027932960893854747
13 0.59296875 0.33798882681564246 0.0859375 0.34301675977653634
8 0.19453125 0.6759776536312849 0.2359375 0.07374301675977654
3 0.2234375 0.8519553072625698 0.315625 0.12290502793296089
12 0.22734375 0.9659217877094972 0.3171875 0.06815642458100558
9 0.1828125 0.7262569832402235 0.2125 0.01675977653631285
11 0.22734375 0.5664804469273743 0.2828125 0.11396648044692738