8 0.63125 0.020670391061452513 0.2421875 0.026815642458100558
3 0.62265625 0.05698324022346369 0.6265625 0.04357541899441341
4 0.62265625 0.22849162011173185 0.73125 0.26033519553072626
5 0.6234375 0.517877094972067 0.7328125 0.3139664804469274
1 0.62109375 0.7251396648044692 0.728125 0.09944134078212291
2 0.621875 0.8558659217877095 0.7359375 0.16312849162011173
9 0.1265625 0.34916201117318435 0.2015625 0.08044692737430167
13 0.1375 0.48268156424581005 0.2328125 0.17541899441340783
6 0.13203125 0.7061452513966481 0.221875 0.2536312849162011
7 0.1375 0.8748603351955307 0.2328125 0.0782122905027933
11 0.1390625 0.20949720670391062 0.1984375 0.18435754189944134