9 0.22890625 0.008938547486033519 0.4015625 0.017877094972067038
5 0.21484375 0.36983240223463687 0.4296875 0.6167597765363129
8 0.5078125 0.03687150837988827 0.15625 0.07374301675977654
5 0.8546875 0.08212290502793296 0.290625 0.16424581005586592
13 0.85234375 0.23966480446927374 0.2953125 0.13519553072625698
10 0.85078125 0.3916201117318436 0.2984375 0.15307262569832403
4 0.85078125 0.5664804469273743 0.2984375 0.18100558659217877
2 0.85078125 0.6882681564245811 0.2984375 0.042458100558659215
9 0.53046875 0.11508379888268157 0.2015625 0.04692737430167598
3 0.55078125 0.28268156424581004 0.2421875 0.25027932960893856
4 0.53828125 0.5033519553072626 0.2171875 0.18659217877094972
7 0.46796875 0.6603351955307263 0.0765625 0.09832402234636871