12 0.24453125 0.146927374301676 0.4890625 0.05921787709497207
5 0.24453125 0.364804469273743 0.4890625 0.36983240223463687
4 0.23125 0.5731843575418994 0.4625 0.0335195530726257
5 0.74453125 0.29497206703910617 0.5109375 0.5899441340782123
8 0.07890625 0.7743016759776536 0.1578125 0.07374301675977654
4 0.3890625 0.6301675977653631 0.2 0.08044692737430167
5 0.3875 0.8446927374301676 0.203125 0.3106145251396648
3 0.11328125 0.9441340782122905 0.2265625 0.11173184357541899
9 0.0671875 0.8240223463687151 0.134375 0.01675977653631285
11 0.10703125 0.6558659217877095 0.2140625 0.1318435754189944
8 0.621875 0.5949720670391061 0.1875 0.01005586592178771
12 0.875 0.7324022346368715 0.25 0.08603351955307263
9 0.58984375 0.6067039106145251 0.1109375 0.01452513966480447
3 0.6375 0.6374301675977654 0.21875 0.027932960893854747
13 0.6140625 0.9245810055865922 0.159375 0.15083798882681565
4 0.87578125 0.840782122905028 0.2484375 0.10837988826815642
5 0.875 0.9502793296089386 0.25 0.09944134078212291
11 0.62109375 0.7659217877094973 0.1796875 0.14972067039106146