8 0.4078125 0.13128491620111732 0.103125 0.053631284916201116
8 0.890625 0.1329608938547486 0.103125 0.053631284916201116
12 0.58828125 0.46983240223463685 0.103125 0.2201117318435754
12 0.11171875 0.4441340782122905 0.103125 0.22346368715083798
9 0.41953125 0.17206703910614526 0.0859375 0.0223463687150838
5 0.24296875 0.43184357541899443 0.0921875 0.2245810055865922
4 0.37109375 0.42960893854748605 0.0734375 0.21787709497206703
7 0.26171875 0.6312849162011173 0.13125 0.12067039106145251
13 0.4015625 0.6312849162011173 0.1328125 0.12290502793296089
2 0.2609375 0.8139664804469273 0.1265625 0.19217877094972066
6 0.39609375 0.8111731843575419 0.125 0.18659217877094972
12 0.1125 0.7770949720670391 0.109375 0.25921787709497207