5 0.209375 0.24972067039106144 0.41875 0.4994413407821229
8 0.64921875 0.01899441340782123 0.2328125 0.03798882681564246
9 0.575 0.049162011173184354 0.071875 0.01564245810055866
3 0.5578125 0.19441340782122904 0.278125 0.17653631284916202
12 0.709375 0.3575418994413408 0.58125 0.11620111731843576
4 0.6296875 0.4664804469273743 0.421875 0.0659217877094972
13 0.38203125 0.693854748603352 0.0734375 0.2122905027932961
13 0.384375 0.8692737430167597 0.06875 0.10726256983240223
7 0.38359375 0.9720670391061452 0.0703125 0.055865921787709494
5 0.15390625 0.7810055865921788 0.3078125 0.43798882681564244
5 0.709375 0.6458100558659218 0.58125 0.2927374301675978
4 0.6734375 0.8547486033519553 0.509375 0.10502793296089385
13 0.709375 0.9659217877094972 0.58125 0.06815642458100558