9 0.28515625 0.0067039106145251395 0.1734375 0.013407821229050279
5 0.334375 0.1558659217877095 0.259375 0.15977653631284916
4 0.3140625 0.3005586592178771 0.2234375 0.11731843575418995
6 0.33359375 0.4184357541899441 0.25625 0.09944134078212291
13 0.3328125 0.5324022346368715 0.2578125 0.1005586592178771
3 0.065625 0.5318435754189944 0.13125 0.10949720670391061
12 0.06953125 0.28044692737430166 0.1390625 0.17206703910614526
11 0.08984375 0.08435754189944134 0.1796875 0.16871508379888267
12 0.346875 0.03407821229050279 0.2921875 0.03910614525139665
5 0.26953125 0.8497206703910615 0.5390625 0.3005586592178771
4 0.80234375 0.7335195530726257 0.3453125 0.06815642458100558
5 0.80625 0.9044692737430168 0.35 0.19106145251396647