8 0.497787610619469 0.04923076923076923 0.3893805309734513 0.033846153846153845
9 0.7223451327433629 0.09461538461538462 0.5243362831858407 0.03538461538461538
12 0.6305309734513275 0.21923076923076923 0.6150442477876106 0.06307692307692307
4 0.6283185840707964 0.37615384615384617 0.6194690265486725 0.1523076923076923
5 0.6073008849557522 0.6376923076923077 0.577433628318584 0.3030769230769231
3 0.12389380530973451 0.25153846153846154 0.19911504424778761 0.09076923076923077
7 0.13495575221238937 0.3776923076923077 0.23893805309734514 0.09076923076923077
13 0.13827433628318583 0.5261538461538462 0.2234513274336283 0.14461538461538462
13 0.13274336283185842 0.7584615384615384 0.2345132743362832 0.2923076923076923
13 0.536504424778761 0.8992307692307693 0.4358407079646018 0.14
11 0.1426991150442478 0.10692307692307693 0.22787610619469026 0.1646153846153846