4 0.15625 0.10670391061452514 0.3125 0.19776536312849163
5 0.1578125 0.4072625698324022 0.315625 0.4033519553072626
5 0.4546875 0.08994413407821229 0.190625 0.17988826815642459
1 0.83359375 0.49273743016759775 0.3328125 0.12067039106145251
13 0.834375 0.1441340782122905 0.33125 0.288268156424581
4 0.46015625 0.31229050279329607 0.2015625 0.21787709497206703
12 0.83671875 0.35977653631284917 0.3265625 0.09608938547486033
5 0.1796875 0.929608938547486 0.359375 0.14078212290502792
8 0.10703125 0.6726256983240223 0.2140625 0.02905027932960894
12 0.1796875 0.8150837988826816 0.359375 0.061452513966480445
9 0.0890625 0.7100558659217877 0.09375 0.0223463687150838
4 0.6140625 0.7536312849162011 0.509375 0.28938547486033517
13 0.66171875 0.9530726256983241 0.6046875 0.09385474860335195