5 0.209375 0.2849162011173184 0.41875 0.5698324022346368
5 0.709375 0.12793296089385475 0.58125 0.2558659217877095
5 0.709375 0.3094972067039106 0.58125 0.055865921787709494
13 0.709375 0.3754189944134078 0.58125 0.07150837988826815
12 0.21484375 0.6525139664804469 0.2609375 0.1653631284916201
13 0.22265625 0.8430167597765363 0.2828125 0.18994413407821228
6 0.22265625 0.9815642458100559 0.2828125 0.03687150837988827
12 0.93203125 0.6983240223463687 0.1359375 0.15195530726256984
13 0.934375 0.882122905027933 0.13125 0.15083798882681565
4 0.58125 0.6893854748603352 0.325 0.15418994413407822
1 0.59375 0.8480446927374302 0.30625 0.11173184357541899