3 0.04765625 0.07597765363128492 0.0953125 0.14078212290502792
13 0.05234375 0.32737430167597764 0.1046875 0.34413407821229053
13 0.43515625 0.0335195530726257 0.6265625 0.0670391061452514
4 0.43359375 0.17541899441340783 0.6328125 0.15418994413407822
5 0.4359375 0.3865921787709497 0.628125 0.22569832402234638
5 0.88828125 0.4 0.2234375 0.19888268156424582
12 0.8828125 0.19888268156424582 0.234375 0.10949720670391061
3 0.88671875 0.09217877094972067 0.2265625 0.061452513966480445
9 0.88515625 0.012290502793296089 0.2296875 0.024581005586592177
4 0.875 0.7083798882681565 0.25 0.2837988826815642
5 0.875 0.9391061452513967 0.25 0.1217877094972067