13 0.05078125 0.08156424581005586 0.1015625 0.16312849162011173
3 0.06171875 0.2620111731843575 0.1234375 0.13072625698324022
7 0.115625 0.4011173184357542 0.23125 0.055865921787709494
9 0.059375 0.4441340782122905 0.11875 0.02569832402234637
12 0.1765625 0.6189944134078212 0.353125 0.11396648044692738
5 0.04765625 0.776536312849162 0.0953125 0.18100558659217877
4 0.2375 0.8458100558659218 0.2234375 0.24804469273743016
13 0.0265625 0.9391061452513967 0.053125 0.1217877094972067
9 0.79375 0.4480446927374302 0.4125 0.03798882681564246
12 0.7609375 0.5273743016759777 0.478125 0.09832402234636871
4 0.7609375 0.6804469273743017 0.478125 0.22793296089385476
5 0.7609375 0.8977653631284916 0.478125 0.20446927374301677
3 0.43671875 0.5374301675977654 0.0734375 0.12290502793296089
13 0.45390625 0.7139664804469273 0.1078125 0.2435754189944134