8 0.34375 0.011731843575418994 0.2125 0.02346368715083799
9 0.31015625 0.04022346368715084 0.14375 0.017877094972067038
12 0.30859375 0.17374301675977655 0.2828125 0.041340782122905026
3 0.32421875 0.10391061452513967 0.171875 0.04692737430167598
4 0.28046875 0.2782122905027933 0.3390625 0.0670391061452514
5 0.27734375 0.370391061452514 0.3453125 0.07039106145251396
13 0.296875 0.49050279329608937 0.30625 0.0670391061452514
7 0.27890625 0.5709497206703911 0.3421875 0.060335195530726256
6 0.290625 0.6687150837988827 0.31875 0.01899441340782123
8 0.77578125 0.08603351955307263 0.4484375 0.053631284916201116
9 0.86796875 0.1564245810055866 0.2640625 0.02011173184357542
12 0.76796875 0.31508379888268156 0.215625 0.07709497206703911
3 0.95859375 0.31340782122905025 0.0828125 0.07709497206703911
4 0.95859375 0.5245810055865922 0.0828125 0.17318435754189945
5 0.68828125 0.524022346368715 0.353125 0.1787709497206704
5 0.1375 0.8960893854748604 0.275 0.20782122905027933
13 0.3875 0.9636871508379888 0.125 0.07262569832402235
3 0.38203125 0.8173184357541899 0.1359375 0.17541899441340783
11 0.2 0.7513966480446927 0.1375 0.04357541899441341
8 0.5078125 0.770949720670391 0.115625 0.0223463687150838
9 0.7828125 0.7731843575418994 0.4140625 0.027932960893854747
12 0.725 0.8636871508379889 0.55 0.15865921787709497