5 0.26484375 0.07206703910614524 0.5296875 0.1441340782122905
13 0.1984375 0.264804469273743 0.396875 0.22346368715083798
3 0.10546875 0.4240223463687151 0.2109375 0.06815642458100558
12 0.26484375 0.5335195530726257 0.5296875 0.09720670391061452
4 0.22578125 0.693854748603352 0.4515625 0.18100558659217877
5 0.12734375 0.8625698324022346 0.2546875 0.12737430167597766
8 0.778125 0.40614525139664803 0.421875 0.03240223463687151
12 0.78671875 0.43910614525139663 0.4265625 0.02905027932960894
4 0.784375 0.5430167597765363 0.43125 0.14078212290502792
5 0.784375 0.7441340782122905 0.43125 0.24134078212290502
1 0.78671875 0.9223463687150838 0.4265625 0.10167597765363129