5 0.2375 0.04078212290502793 0.465625 0.08156424581005586
4 0.11953125 0.23743016759776536 0.2390625 0.10391061452513967
5 0.35390625 0.7067039106145251 0.3515625 0.5865921787709497
3 0.07734375 0.5564245810055866 0.1546875 0.27039106145251396
9 0.040625 0.3396648044692737 0.08125 0.02905027932960894
12 0.26484375 0.3754189944134078 0.5296875 0.035754189944134075
8 0.58046875 0.39273743016759777 0.1015625 0.0659217877094972
9 0.60546875 0.4519553072625698 0.1515625 0.027932960893854747
12 0.68828125 0.5715083798882682 0.3171875 0.09720670391061452
4 0.690625 0.7497206703910615 0.321875 0.24134078212290502
13 0.6875 0.9385474860335196 0.315625 0.12290502793296089