8 0.1796875 0.08100558659217877 0.25 0.07597765363128492
9 0.225 0.1458100558659218 0.3390625 0.034636871508379886
3 0.2078125 0.25251396648044694 0.3078125 0.12849162011173185
12 0.2125 0.4122905027932961 0.3203125 0.15307262569832403
13 0.128125 0.5793296089385475 0.1421875 0.14972067039106146
6 0.11015625 0.7273743016759776 0.1140625 0.09608938547486033
4 0.69375 0.12067039106145251 0.4796875 0.1553072625698324
5 0.69453125 0.4770949720670391 0.48125 0.5162011173184358
1 0.68203125 0.8027932960893854 0.459375 0.09162011173184358
13 0.59140625 0.9156424581005587 0.284375 0.05027932960893855
11 0.23046875 0.8804469273743016 0.346875 0.15754189944134078