8 0.42578125 0.09608938547486033 0.159375 0.0659217877094972
12 0.1625 0.28324022346368716 0.25 0.19553072625698323
5 0.65703125 0.29720670391061454 0.6328125 0.23016759776536314
4 0.6578125 0.5162011173184358 0.634375 0.16759776536312848
13 0.66328125 0.7106145251396648 0.640625 0.18100558659217877
6 0.6140625 0.8597765363128491 0.540625 0.061452513966480445
7 0.14140625 0.8581005586592179 0.2125 0.055865921787709494
3 0.13515625 0.5050279329608939 0.2 0.16312849162011173
2 0.61484375 0.9458100558659218 0.5375 0.07932960893854749
3 0.8640625 0.10446927374301676 0.2078125 0.08268156424581005
9 0.42421875 0.1340782122905028 0.15625 0.01564245810055866
11 0.16484375 0.10446927374301676 0.1734375 0.12625698324022347