4 0.25 0.1441340782122905 0.5 0.18100558659217877
5 0.25234375 0.5698324022346368 0.4953125 0.25921787709497207
1 0.22109375 0.3340782122905028 0.4421875 0.18994413407821228
10 0.8171875 0.16871508379888267 0.365625 0.16759776536312848
13 0.8125 0.3435754189944134 0.375 0.19329608938547485
13 0.8140625 0.5726256983240223 0.371875 0.2446927374301676
3 0.828125 0.034636871508379886 0.34375 0.06927374301675977
11 0.56640625 0.03407821229050279 0.1328125 0.06815642458100558
12 0.25 0.9162011173184358 0.5 0.13631284916201117
9 0.19296875 0.7513966480446927 0.3859375 0.02569832402234637
8 0.15546875 0.711731843575419 0.3109375 0.024581005586592177
3 0.25 0.8178770949720671 0.5 0.0446927374301676
5 0.7640625 0.846927374301676 0.471875 0.29497206703910617