8 0.08671875 0.0446927374301676 0.1515625 0.0335195530726257
12 0.228125 0.11899441340782123 0.421875 0.0659217877094972
3 0.16796875 0.20837988826815643 0.3359375 0.0659217877094972
13 0.21953125 0.30502793296089387 0.4390625 0.11620111731843576
5 0.21953125 0.44581005586592176 0.4390625 0.12737430167597766
9 0.0984375 0.07206703910614524 0.1765625 0.0223463687150838
5 0.834375 0.188268156424581 0.33125 0.376536312849162
4 0.84296875 0.4592178770949721 0.3140625 0.1005586592178771
9 0.48046875 0.27039106145251396 0.0828125 0.060335195530726256
8 0.4640625 0.2022346368715084 0.05 0.0670391061452514
11 0.46796875 0.0782122905027933 0.0578125 0.1318435754189944
13 0.496875 0.435195530726257 0.115625 0.14860335195530727
9 0.0578125 0.5301675977653632 0.115625 0.027932960893854747
3 0.06484375 0.7363128491620111 0.1296875 0.2636871508379888
3 0.0625 0.9536312849162011 0.125 0.09273743016759776
4 0.31328125 0.7011173184357542 0.2515625 0.2022346368715084
13 0.3125 0.9162011173184358 0.253125 0.16759776536312848
8 0.503125 0.5893854748603352 0.128125 0.03240223463687151
5 0.79609375 0.7547486033519553 0.4078125 0.49050279329608937
12 0.5125 0.7256983240223464 0.146875 0.1553072625698324
3 0.50625 0.8569832402234637 0.134375 0.1005586592178771
1 0.51953125 0.9569832402234637 0.1609375 0.08603351955307263
9 0.51796875 0.6245810055865921 0.1578125 0.04022346368715084