8 0.02265625 0.10167597765363129 0.0453125 0.049162011173184354
3 0.08203125 0.23743016759776536 0.1640625 0.05251396648044693
13 0.59921875 0.07094972067039106 0.2203125 0.1418994413407821
1 0.5328125 0.21675977653631284 0.0875 0.11620111731843576
7 0.896875 0.18994413407821228 0.20625 0.17653631284916202
5 0.409375 0.4871508379888268 0.159375 0.35083798882681566
10 0.40859375 0.7631284916201118 0.1609375 0.20335195530726258
4 0.409375 0.9346368715083799 0.159375 0.13072625698324022
3 0.13828125 0.4731843575418994 0.2578125 0.12960893854748604
13 0.14921875 0.6737430167597765 0.2984375 0.2547486033519553
13 0.159375 0.8955307262569833 0.31875 0.17988826815642459
11 0.153125 0.35307262569832404 0.228125 0.08715083798882682