8 0.09921875 0.1318435754189944 0.1984375 0.060335195530726256
3 0.19296875 0.41675977653631285 0.3859375 0.4044692737430168
3 0.7765625 0.012849162011173185 0.446875 0.02569832402234637
10 0.51328125 0.18379888268156425 0.1265625 0.27150837988826815
4 0.84375 0.12625698324022347 0.3125 0.1653631284916201
13 0.8625 0.28547486033519553 0.275 0.11284916201117319
7 0.86328125 0.40893854748603353 0.2734375 0.11620111731843576
1 0.88203125 0.5312849162011173 0.2359375 0.08603351955307263
8 0.046875 0.6491620111731844 0.09375 0.060335195530726256
9 0.03828125 0.6949720670391062 0.0765625 0.02011173184357542
5 0.225 0.8396648044692737 0.45 0.2201117318435754
4 0.225 0.9810055865921787 0.45 0.03798882681564246