12 0.4015625 0.1793296089385475 0.215625 0.1106145251396648
9 0.46328125 0.037430167597765365 0.0921875 0.02569832402234637
3 0.0984375 0.2687150837988827 0.196875 0.23128491620111732
13 0.10234375 0.46871508379888266 0.2046875 0.08156424581005586
4 0.4046875 0.3877094972067039 0.209375 0.2212290502793296
3 0.74921875 0.021229050279329607 0.4796875 0.042458100558659215
4 0.7546875 0.20670391061452514 0.490625 0.2435754189944134
5 0.7546875 0.42569832402234636 0.490625 0.14972067039106146
5 0.2546875 0.7748603351955308 0.509375 0.13519553072625698
4 0.2546875 0.6463687150837989 0.509375 0.08826815642458101
7 0.2546875 0.8994413407821229 0.509375 0.10949720670391061
13 0.2546875 0.5553072625698324 0.509375 0.09162011173184358
12 0.76640625 0.670949720670391 0.24375 0.12290502793296089
4 0.7453125 0.882122905027933 0.29375 0.22569832402234638