8 0.08658854166666667 0.04099099099099099 0.14973958333333334 0.024324324324324326
3 0.271484375 0.0990990990990991 0.5221354166666666 0.09009009009009009
4 0.3111979166666667 0.3441441441441441 0.609375 0.1045045045045045
3 0.8229166666666666 0.3292792792792793 0.3359375 0.13603603603603603
13 0.8229166666666666 0.5783783783783784 0.3359375 0.35855855855855856
7 0.7955729166666666 0.8144144144144144 0.2890625 0.055855855855855854
6 0.318359375 0.8567567567567568 0.6341145833333334 0.12792792792792793
13 0.3209635416666667 0.6504504504504505 0.6341145833333334 0.2756756756756757
5 0.3274739583333333 0.4518018018018018 0.63671875 0.11441441441441441
11 0.8313802083333334 0.12252252252252252 0.27734375 0.1963963963963964
8 0.806640625 0.24324324324324326 0.17317708333333334 0.036036036036036036