8 0.02421875 0.09385474860335195 0.0484375 0.01564245810055866
5 0.353125 0.19776536312849163 0.359375 0.24692737430167597
4 0.3421875 0.4033519553072626 0.3390625 0.11955307262569832
13 0.34375 0.5217877094972067 0.3375 0.09608938547486033
6 0.0375 0.5268156424581005 0.075 0.08379888268156424
3 0.01953125 0.20335195530726258 0.0390625 0.0893854748603352
1 0.0203125 0.3106145251396648 0.040625 0.09608938547486033
12 0.33671875 0.012290502793296089 0.3359375 0.024581005586592177
8 0.63515625 0.06312849162011173 0.0921875 0.01899441340782123
3 0.79453125 0.13631284916201117 0.4109375 0.12737430167597766
5 0.79453125 0.3877094972067039 0.4109375 0.3642458100558659
11 0.91015625 0.031843575418994415 0.1640625 0.06368715083798883