8 0.28046875 0.010614525139664804 0.3359375 0.021229050279329607
3 0.2875 0.08156424581005586 0.3625 0.11396648044692738
4 0.134375 0.3217877094972067 0.26875 0.2837988826815642
7 0.11796875 0.5162011173184358 0.2359375 0.0670391061452514
5 0.39296875 0.3614525139664804 0.1515625 0.376536312849162
11 0.0265625 0.06871508379888268 0.053125 0.13743016759776536
6 0.9625 0.7536312849162011 0.075 0.09497206703910614
7 0.9625 0.8575418994413407 0.075 0.09050279329608939
3 0.95703125 0.9491620111731843 0.0859375 0.0659217877094972
13 0.725 0.6139664804469274 0.175 0.12849162011173185
1 0.70859375 0.7608938547486034 0.134375 0.12737430167597766