3 0.14765625 0.055865921787709494 0.2953125 0.09832402234636871
5 0.33359375 0.2865921787709497 0.4328125 0.3452513966480447
13 0.7515625 0.05698324022346369 0.228125 0.11396648044692738
13 0.7484375 0.19273743016759776 0.234375 0.11508379888268157
7 0.74921875 0.3396648044692737 0.2296875 0.15418994413407822
5 0.97109375 0.2837988826815642 0.0578125 0.2927374301675978
12 0.34765625 0.4893854748603352 0.4046875 0.060335195530726256
5 0.34453125 0.6385474860335195 0.4109375 0.1553072625698324
4 0.34765625 0.8798882681564246 0.4046875 0.24022346368715083
13 0.0390625 0.8083798882681564 0.078125 0.17318435754189945
3 0.04453125 0.6094972067039106 0.0890625 0.2
1 0.8328125 0.7692737430167598 0.334375 0.1329608938547486
5 0.8359375 0.5368715083798883 0.328125 0.1553072625698324
10 0.83203125 0.9184357541899442 0.3359375 0.16312849162011173
13 0.83359375 0.6597765363128492 0.3328125 0.07709497206703911