12 0.47578125 0.11173184357541899 0.5265625 0.20558659217877095
4 0.478125 0.3256983240223464 0.521875 0.20893854748603352
10 0.4765625 0.4793296089385475 0.525 0.08044692737430167
3 0.078125 0.2335195530726257 0.15625 0.39553072625698327
7 0.0578125 0.48547486033519555 0.115625 0.06815642458100558
4 0.86953125 0.07094972067039106 0.2609375 0.1418994413407821
5 0.86953125 0.2435754189944134 0.2609375 0.20782122905027933
13 0.86953125 0.4240223463687151 0.2609375 0.11955307262569832
12 0.2625 0.5603351955307263 0.228125 0.06815642458100558
3 0.2046875 0.6508379888268156 0.1265625 0.054748603351955305
3 0.221875 0.7474860335195531 0.153125 0.08715083798882682
6 0.23125 0.8642458100558659 0.159375 0.0893854748603352
13 0.58671875 0.8664804469273742 0.3046875 0.11284916201117319
4 0.58515625 0.7061452513966481 0.3078125 0.15195530726256984
5 0.58515625 0.5653631284916201 0.3078125 0.09162011173184358
5 0.93203125 0.7145251396648045 0.1359375 0.38994413407821227