4 0.44609375 0.12402234636871508 0.2671875 0.18100558659217877
3 0.1359375 0.09162011173184358 0.271875 0.12290502793296089
7 0.14296875 0.2553072625698324 0.2859375 0.06815642458100558
4 0.78984375 0.2011173184357542 0.4203125 0.17653631284916202
5 0.78984375 0.048044692737430165 0.4203125 0.09608938547486033
9 0.50234375 0.31731843575418994 0.1546875 0.03798882681564246
12 0.18984375 0.3128491620111732 0.3796875 0.04692737430167598
5 0.190625 0.535754189944134 0.38125 0.37206703910614525
4 0.19296875 0.8675977653631285 0.3859375 0.264804469273743
11 0.50234375 0.4424581005586592 0.1546875 0.18547486033519553
8 0.65 0.3525139664804469 0.140625 0.030167597765363128
12 0.78984375 0.441340782122905 0.4203125 0.05139664804469274
13 0.78984375 0.5329608938547487 0.4203125 0.08491620111731843
5 0.78984375 0.7692737430167598 0.4203125 0.34301675977653634