13 0.2515625 0.3106145251396648 0.371875 0.14972067039106146
11 0.2859375 0.049720670391061456 0.571875 0.09944134078212291
8 0.69453125 0.04581005586592179 0.1109375 0.0335195530726257
3 0.81953125 0.1106145251396648 0.3609375 0.0893854748603352
4 0.80390625 0.23910614525139665 0.3296875 0.10949720670391061
8 0.2109375 0.4424581005586592 0.2 0.0670391061452514
9 0.1765625 0.49385474860335193 0.1296875 0.026815642458100558
12 0.2484375 0.6111731843575419 0.303125 0.1329608938547486
5 0.25 0.8497206703910615 0.278125 0.28268156424581004
4 0.02265625 0.6860335195530727 0.0453125 0.2435754189944134
3 0.02421875 0.9335195530726257 0.0484375 0.1329608938547486
11 0.02265625 0.45977653631284915 0.0453125 0.10167597765363129
12 0.79921875 0.5458100558659218 0.3125 0.13966480446927373
13 0.7984375 0.6871508379888268 0.3125 0.1430167597765363
7 0.75390625 0.8173184357541899 0.2296875 0.1005586592178771
2 0.76640625 0.9139664804469274 0.2484375 0.0659217877094972
3 0.7578125 0.9776536312849162 0.2375 0.0446927374301676
9 0.7546875 0.423463687150838 0.23125 0.02905027932960894