8 0.49765625 0.049162011173184354 0.3890625 0.034636871508379886
9 0.72265625 0.09441340782122905 0.525 0.035754189944134075
12 0.63046875 0.21955307262569831 0.615625 0.06368715083798883
4 0.628125 0.37597765363128494 0.6203125 0.15195530726256984
5 0.60703125 0.6379888268156425 0.5765625 0.3027932960893855
3 0.12421875 0.25139664804469275 0.2 0.09050279329608939
7 0.13515625 0.3776536312849162 0.240625 0.09162011173184358
13 0.13828125 0.5262569832402234 0.2234375 0.1452513966480447
13 0.13203125 0.7581005586592179 0.234375 0.2916201117318436
13 0.5359375 0.8994413407821229 0.4359375 0.14078212290502792
11 0.14296875 0.10670391061452514 0.2296875 0.16424581005586592