5 0.2125 0.31452513966480444 0.39375 0.6290502793296089
3 0.48984375 0.22681564245810057 0.1609375 0.3575418994413408
13 0.803125 0.6363128491620111 0.39375 0.10614525139664804
7 0.49140625 0.4653631284916201 0.1640625 0.09497206703910614
6 0.4890625 0.5564245810055866 0.159375 0.0670391061452514
5 0.80703125 0.2916201117318436 0.3859375 0.5832402234636872
4 0.2046875 0.9625698324022346 0.409375 0.07486033519553073
13 0.2046875 0.858659217877095 0.409375 0.09273743016759776
12 0.2046875 0.7715083798882681 0.409375 0.05251396648044693
9 0.29921875 0.6949720670391062 0.2203125 0.0111731843575419
8 0.9515625 0.7061452513966481 0.096875 0.0335195530726257
9 0.909375 0.7301675977653631 0.18125 0.04357541899441341
5 0.8734375 0.8743016759776536 0.253125 0.25139664804469275
3 0.5359375 0.9162011173184358 0.253125 0.12290502793296089
11 0.52890625 0.759217877094972 0.2390625 0.13966480446927373