5 0.1109375 0.07597765363128492 0.221875 0.15195530726256984
4 0.11953125 0.21284916201117318 0.2390625 0.11731843575418995
13 0.11953125 0.3564245810055866 0.2390625 0.16089385474860335
7 0.11953125 0.4849162011173184 0.2390625 0.09385474860335195
4 0.665625 0.08826815642458101 0.56875 0.17653631284916202
5 0.6859375 0.38324022346368714 0.615625 0.37318435754189944
3 0.271875 0.24189944134078212 0.065625 0.06815642458100558
9 0.28046875 0.1770949720670391 0.0828125 0.04357541899441341
13 0.0921875 0.6525139664804469 0.184375 0.12067039106145251
7 0.05546875 0.7675977653631285 0.1109375 0.06927374301675977
3 0.09140625 0.9553072625698324 0.1828125 0.0893854748603352
6 0.0984375 0.8620111731843575 0.196875 0.08379888268156424