5 0.29921875 0.07206703910614524 0.5984375 0.1441340782122905
4 0.28984375 0.264804469273743 0.5796875 0.23016759776536314
8 0.890625 0.0670391061452514 0.21875 0.02905027932960894
12 0.834375 0.19162011173184357 0.33125 0.06368715083798883
9 0.93671875 0.09385474860335195 0.1265625 0.02011173184357542
13 0.834375 0.28156424581005585 0.33125 0.07597765363128492
8 0.109375 0.535754189944134 0.21875 0.03240223463687151
5 0.45625 0.6899441340782123 0.425 0.6201117318435754
12 0.11875 0.6720670391061453 0.2375 0.1553072625698324
3 0.1125 0.8033519553072626 0.225 0.1005586592178771
1 0.12578125 0.9301675977653632 0.2515625 0.13966480446927373
9 0.12421875 0.5709497206703911 0.2484375 0.04022346368715084
11 0.08515625 0.4463687150837989 0.1703125 0.1329608938547486