5 0.1546875 0.364804469273743 0.309375 0.14860335195530727
3 0.07265625 0.16033519553072625 0.1453125 0.13743016759776536
5 0.6546875 0.2335195530726257 0.690625 0.27039106145251396
13 0.6546875 0.043016759776536316 0.690625 0.08603351955307263
4 0.6546875 0.4111731843575419 0.690625 0.055865921787709494
8 0.671875 0.4592178770949721 0.2265625 0.03910614525139665
12 0.778125 0.5905027932960893 0.44375 0.16201117318435754
5 0.7765625 0.8446927374301676 0.446875 0.3106145251396648
3 0.36328125 0.7162011173184357 0.1078125 0.10502793296089385
13 0.35859375 0.8759776536312849 0.0984375 0.13631284916201117
11 0.39765625 0.5279329608938548 0.1765625 0.1776536312849162