8 0.246875 0.31787709497206706 0.178125 0.03128491620111732
3 0.2375 0.48044692737430167 0.2171875 0.19553072625698323
7 0.234375 0.6402234636871509 0.2 0.05810055865921788
13 0.43671875 0.5100558659217878 0.1453125 0.16424581005586592
5 0.43671875 0.32513966480446926 0.1453125 0.13631284916201117
4 0.43984375 0.1569832402234637 0.1390625 0.13519553072625698
11 0.24453125 0.17430167597765364 0.1765625 0.1553072625698324
4 0.26171875 0.7491620111731844 0.1859375 0.15977653631284916
5 0.3265625 0.9301675977653632 0.309375 0.13966480446927373
13 0.04453125 0.7212290502793296 0.0890625 0.10391061452513967
1 0.04609375 0.9715083798882681 0.0921875 0.05698324022346369
7 0.05703125 0.8597765363128491 0.1140625 0.11284916201117319