3 0.36015625 0.0659217877094972 0.1796875 0.1318435754189944
13 0.36015625 0.2005586592178771 0.1796875 0.11731843575418995
5 0.1046875 0.16033519553072625 0.209375 0.19776536312849163
5 0.77109375 0.037430167597765365 0.4578125 0.07486033519553073
2 0.77265625 0.15810055865921788 0.4546875 0.15307262569832403
8 0.1015625 0.28435754189944135 0.203125 0.05027932960893855
9 0.146875 0.3368715083798883 0.29375 0.034636871508379886
3 0.13046875 0.4430167597765363 0.2609375 0.12849162011173185
12 0.1359375 0.6027932960893855 0.271875 0.15307262569832403
13 0.04921875 0.7698324022346369 0.0984375 0.14972067039106146
6 0.0328125 0.9184357541899442 0.065625 0.09608938547486033
5 0.4015625 0.6681564245810055 0.096875 0.5162011173184358
8 0.68203125 0.3027932960893855 0.171875 0.07597765363128492
9 0.68359375 0.3614525139664804 0.1671875 0.027932960893854747
12 0.97734375 0.7139664804469273 0.0453125 0.0893854748603352
13 0.97734375 0.835195530726257 0.0453125 0.11731843575418995
7 0.7015625 0.9374301675977653 0.209375 0.054748603351955305
5 0.74375 0.7983240223463687 0.2953125 0.19106145251396647
4 0.7328125 0.6212290502793296 0.265625 0.1329608938547486
3 0.6671875 0.42905027932960893 0.1328125 0.07374301675977654
11 0.965625 0.4329608938547486 0.06875 0.3474860335195531