4 0.40546875 0.024581005586592177 0.5671875 0.049162011173184354
5 0.4078125 0.15418994413407822 0.5625 0.18994413407821228
1 0.3984375 0.30502793296089387 0.5328125 0.09608938547486033
7 0.04140625 0.12290502793296089 0.0828125 0.09162011173184358
13 0.04375 0.23910614525139665 0.0875 0.10279329608938548
6 0.0453125 0.38491620111731845 0.090625 0.13743016759776536
5 0.84453125 0.26927374301675977 0.3109375 0.2994413407821229
6 0.84453125 0.46759776536312847 0.3109375 0.04357541899441341
5 0.90390625 0.5910614525139665 0.1921875 0.20335195530726258
13 0.9078125 0.8603351955307262 0.184375 0.27932960893854747
4 0.71796875 0.841340782122905 0.0578125 0.2748603351955307