3 0.2265625 0.13575418994413407 0.453125 0.19106145251396647
4 0.29453125 0.3318435754189944 0.5890625 0.16983240223463686
5 0.29453125 0.49273743016759775 0.5890625 0.11396648044692738
8 0.4015625 0.576536312849162 0.325 0.034636871508379886
3 0.4015625 0.6446927374301676 0.321875 0.05251396648044693
11 0.10546875 0.6167597765363129 0.2109375 0.1340782122905028
4 0.196875 0.8385474860335196 0.39375 0.2
13 0.52109375 0.8458100558659218 0.1359375 0.21899441340782122
9 0.40703125 0.6061452513966481 0.3328125 0.0223463687150838
10 0.79453125 0.6675977653631285 0.4109375 0.11731843575418995
4 0.79453125 0.8195530726256983 0.4109375 0.1888268156424581
1 0.79453125 0.9597765363128492 0.4109375 0.08044692737430167