12 0.209375 0.006145251396648044 0.41875 0.012290502793296089
4 0.0421875 0.06983240223463687 0.084375 0.10391061452513967
5 0.22578125 0.2212290502793296 0.4515625 0.1787709497206704
13 0.22578125 0.4022346368715084 0.4515625 0.16759776536312848
3 0.0359375 0.6715083798882682 0.071875 0.16312849162011173
12 0.3015625 0.6441340782122905 0.396875 0.10837988826815642
5 0.30234375 0.8592178770949721 0.3953125 0.28156424581005585
4 0.034375 0.853072625698324 0.06875 0.13966480446927373
13 0.61796875 0.6290502793296089 0.2359375 0.0782122905027933
5 0.88203125 0.8122905027932961 0.2359375 0.3754189944134078
10 0.61484375 0.9581005586592178 0.2296875 0.08379888268156424
5 0.62265625 0.7893854748603352 0.2453125 0.23575418994413408