12 0.54609375 0.09944134078212291 0.3265625 0.13854748603351955
5 0.546875 0.3100558659217877 0.325 0.19553072625698323
3 0.13359375 0.09273743016759776 0.2671875 0.12067039106145251
13 0.15859375 0.3256983240223464 0.3171875 0.2670391061452514
8 0.89453125 0.010614525139664804 0.2109375 0.01899441340782123
3 0.865625 0.056424581005586595 0.159375 0.07597765363128492
12 0.88984375 0.16089385474860335 0.2203125 0.08044692737430167
4 0.8921875 0.3396648044692737 0.215625 0.23910614525139665
13 0.746875 0.8603351955307262 0.075 0.16983240223463686
5 0.9109375 0.8117318435754189 0.178125 0.2223463687150838
4 0.9046875 0.6083798882681565 0.190625 0.13966480446927373