12 0.40475 0.2153673583847448 0.2415 0.09197980931015143
5 0.4045 0.37689287717330344 0.246 0.2052720134604599
4 0.40525 0.5748738081884465 0.2405 0.14694335389792484
5 0.398 0.7038698822209759 0.23 0.07291082445316882
6 0.6415 0.795008412787437 0.132 0.10487941671340438
13 0.64525 0.662366797532249 0.1405 0.126752664049355
3 0.635 0.5386988222097588 0.12 0.08244531688166012
8 0.6385 0.3482893998878295 0.116 0.054963544587773416
9 0.63975 0.3965227145260796 0.0885 0.022434099831744252
3 0.63825 0.4439147504206394 0.1255 0.030846887268648347
11 0.63975 0.2406057206954571 0.1065 0.12787436904094224