12 0.4046875 0.21564245810055865 0.2421875 0.09273743016759776
5 0.4046875 0.3770949720670391 0.246875 0.20446927374301677
4 0.40546875 0.5748603351955307 0.240625 0.14748603351955308
5 0.3984375 0.7039106145251397 0.23125 0.07374301675977654
6 0.64140625 0.7949720670391062 0.1328125 0.10502793296089385
13 0.6453125 0.6625698324022347 0.140625 0.12737430167597766
3 0.63515625 0.5385474860335195 0.1203125 0.08268156424581005
8 0.63828125 0.34804469273743016 0.1171875 0.054748603351955305
9 0.63984375 0.39664804469273746 0.0890625 0.0223463687150838
3 0.63828125 0.4435754189944134 0.1265625 0.03128491620111732
11 0.63984375 0.24022346368715083 0.10625 0.12737430167597766