12 0.15234375 0.030167597765363128 0.3046875 0.060335195530726256
6 0.13828125 0.41675977653631285 0.2765625 0.06480446927374302
12 0.1640625 0.3078212290502793 0.328125 0.12402234636871508
13 0.1640625 0.16089385474860335 0.328125 0.1430167597765363
5 0.29609375 0.7804469273743017 0.1671875 0.43910614525139663
3 0.03828125 0.587709497206704 0.0765625 0.10502793296089385
13 0.03359375 0.7474860335195531 0.0671875 0.13631284916201117
13 0.05234375 0.9245810055865922 0.1046875 0.15083798882681565
5 0.68984375 0.5262569832402234 0.6203125 0.15418994413407822
4 0.4609375 0.7519553072625699 0.1625 0.24581005586592178
13 0.85703125 0.7513966480446927 0.2859375 0.23798882681564246
7 0.68984375 0.9502793296089386 0.6203125 0.09944134078212291