3 0.18125 0.054748603351955305 0.3625 0.10949720670391061
5 0.7796875 0.04636871508379888 0.290625 0.09273743016759776
12 0.28203125 0.1782122905027933 0.2953125 0.10391061452513967
5 0.2875 0.4363128491620112 0.284375 0.40558659217877097
4 0.284375 0.7374301675977654 0.290625 0.18324022346368715
10 0.2875 0.9173184357541899 0.284375 0.1653631284916201
13 0.05390625 0.5173184357541899 0.1078125 0.27932960893854747
1 0.04453125 0.7 0.0890625 0.08826815642458101
2 0.06171875 0.864804469273743 0.1234375 0.22569832402234638
9 0.35390625 0.12067039106145251 0.1515625 0.0223463687150838
9 0.71484375 0.1418994413407821 0.5703125 0.02011173184357542
12 0.4953125 0.27206703910614527 0.13125 0.15307262569832403
5 0.80546875 0.46033519553072627 0.3890625 0.5318435754189944
4 0.80390625 0.8865921787709498 0.3921875 0.22681564245810057
6 0.48125 0.7106145251396648 0.103125 0.07597765363128492
12 0.50703125 0.5960893854748603 0.1546875 0.12402234636871508
13 0.50703125 0.4491620111731844 0.1546875 0.1430167597765363
3 0.71484375 0.17206703910614526 0.5703125 0.026815642458100558