8 0.5665680473372781 0.10355029585798817 0.21597633136094674 0.047337278106508875
12 0.6331360946745562 0.20857988165680474 0.514792899408284 0.0621301775147929
5 0.8002958579881657 0.4437869822485207 0.257396449704142 0.30177514792899407
4 0.5088757396449705 0.5177514792899408 0.23668639053254437 0.46153846153846156
10 0.5207100591715976 0.8624260355029586 0.23668639053254437 0.1804733727810651
13 0.8195266272189349 0.7869822485207101 0.22485207100591717 0.35502958579881655
3 0.17751479289940827 0.46893491124260356 0.23076923076923078 0.16272189349112426
7 0.1937869822485207 0.6789940828402367 0.2692307692307692 0.17455621301775148
6 0.16863905325443787 0.8757396449704142 0.22485207100591717 0.14792899408284024
9 0.4541420118343195 0.15088757396449703 0.16863905325443787 0.04142011834319527
11 0.20118343195266272 0.19822485207100593 0.24260355029585798 0.27218934911242604