8 0.4255050505050505 0.09549549549549549 0.1590909090909091 0.06486486486486487
12 0.16287878787878787 0.2828828828828829 0.25 0.1945945945945946
5 0.6578282828282829 0.2972972972972973 0.6338383838383839 0.23063063063063063
4 0.6578282828282829 0.5162162162162162 0.6338383838383839 0.16756756756756758
13 0.6641414141414141 0.7108108108108108 0.6414141414141414 0.18198198198198198
6 0.6136363636363636 0.8594594594594595 0.5404040404040404 0.06126126126126126
7 0.1414141414141414 0.8585585585585586 0.21212121212121213 0.055855855855855854
3 0.1351010101010101 0.5054054054054054 0.1994949494949495 0.16396396396396395
3 0.8636363636363636 0.1045045045045045 0.20707070707070707 0.08288288288288288
9 0.42424242424242425 0.13423423423423422 0.15656565656565657 0.016216216216216217
11 0.16414141414141414 0.1045045045045045 0.1717171717171717 0.12612612612612611