13 0.2578125 0.4558659217877095 0.2625 0.12737430167597766
5 0.25703125 0.2770949720670391 0.2640625 0.21675977653631284
4 0.25703125 0.08044692737430167 0.2640625 0.16089385474860335
7 0.4234375 0.04078212290502793 0.06875 0.08156424581005586
13 0.4625 0.18659217877094972 0.146875 0.17206703910614526
6 0.43359375 0.323463687150838 0.0890625 0.07039106145251396
13 0.4359375 0.4195530726256983 0.09375 0.09050279329608939
10 0.80234375 0.4324022346368715 0.3953125 0.17430167597765364
5 0.803125 0.16145251396648044 0.39375 0.3229050279329609
4 0.23515625 0.5854748603351956 0.3078125 0.1318435754189944
5 0.2375 0.841340782122905 0.303125 0.31731843575418994