4 0.19296875 0.08715083798882682 0.3859375 0.17430167597765364
5 0.2359375 0.33519553072625696 0.471875 0.24804469273743016
4 0.6984375 0.13016759776536313 0.365625 0.13743016759776536
7 0.75703125 0.26145251396648045 0.4859375 0.10949720670391061
13 0.75703125 0.39273743016759777 0.4859375 0.1329608938547486
8 0.30078125 0.5 0.2421875 0.0446927374301676
9 0.12421875 0.5480446927374302 0.065625 0.02346368715083799
12 0.2953125 0.6810055865921788 0.36875 0.13966480446927373
5 0.29296875 0.8843575418994414 0.3734375 0.23128491620111732
3 0.04609375 0.7670391061452514 0.0921875 0.3094972067039106
3 0.32265625 0.5502793296089385 0.3140625 0.02346368715083799