8 0.58671875 0.12011173184357542 0.3015625 0.03240223463687151
9 0.571875 0.1569832402234637 0.28125 0.03798882681564246
12 0.60703125 0.28156424581005585 0.35 0.10614525139664804
5 0.6109375 0.41675977653631285 0.35 0.1340782122905028
4 0.56328125 0.6418994413407821 0.265625 0.2681564245810056
13 0.6125 0.8486033519553072 0.3578125 0.09385474860335195
7 0.3125 0.7100558659217877 0.20625 0.1005586592178771
6 0.2765625 0.8463687150837989 0.1375 0.11396648044692738
13 0.31171875 0.5513966480446927 0.2125 0.15865921787709497
3 0.28828125 0.33910614525139665 0.16875 0.19776536312849163
11 0.296875 0.1424581005586592 0.1625 0.16089385474860335