12 0.31015625 0.08659217877094973 0.1390625 0.09050279329608939
4 0.30703125 0.23016759776536314 0.1453125 0.14078212290502792
5 0.30703125 0.4072625698324022 0.1453125 0.17541899441340783
1 0.30625 0.5547486033519553 0.146875 0.08603351955307263
3 0.12421875 0.19832402234636873 0.134375 0.15307262569832403
13 0.11640625 0.39553072625698327 0.11875 0.17430167597765364
7 0.1140625 0.5486033519553073 0.1203125 0.0670391061452514
12 0.68515625 0.0329608938547486 0.6109375 0.0659217877094972
5 0.68046875 0.31452513966480444 0.6015625 0.4569832402234637
4 0.43515625 0.6407821229050279 0.1109375 0.1418994413407821
13 0.76484375 0.6039106145251396 0.3765625 0.054748603351955305