12 0.2984375 0.061452513966480445 0.2828125 0.0893854748603352
4 0.57578125 0.23743016759776536 0.140625 0.2759776536312849
3 0.57421875 0.4770949720670391 0.1359375 0.10502793296089385
13 0.3015625 0.5067039106145251 0.290625 0.04581005586592179
5 0.29921875 0.2871508379888268 0.290625 0.2681564245810056
11 0.571875 0.03407821229050279 0.15 0.06815642458100558
3 0.79921875 0.08379888268156424 0.2078125 0.16759776536312848
13 0.8109375 0.23798882681564246 0.23125 0.07932960893854749
7 0.8234375 0.33743016759776534 0.2546875 0.04692737430167598
6 0.80390625 0.4273743016759777 0.221875 0.061452513966480445
5 0.8296875 0.6067039106145251 0.340625 0.15418994413407822
4 0.8296875 0.8340782122905028 0.340625 0.26256983240223464