8 0.18359375 0.11452513966480447 0.1796875 0.08268156424581005
9 0.18125 0.1770949720670391 0.153125 0.024581005586592177
12 0.22890625 0.27932960893854747 0.2703125 0.09273743016759776
4 0.21015625 0.4223463687150838 0.2390625 0.1418994413407821
3 0.0234375 0.3916201117318436 0.046875 0.15083798882681565
11 0.03203125 0.12402234636871508 0.0640625 0.18994413407821228
3 0.884375 0.0329608938547486 0.23125 0.0659217877094972
12 0.71328125 0.18435754189944134 0.5734375 0.055865921787709494
4 0.72578125 0.33016759776536314 0.5484375 0.17094972067039105
5 0.7234375 0.48547486033519555 0.553125 0.10837988826815642
11 0.5765625 0.04357541899441341 0.315625 0.08715083798882682