8 0.7080536912751678 0.03679525222551929 0.48322147651006714 0.02373887240356083
9 0.7072147651006712 0.05370919881305638 0.2197986577181208 0.016023738872403562
12 0.7281879194630873 0.09673590504451039 0.5033557046979866 0.0712166172106825
5 0.7298657718120806 0.21899109792284865 0.5268456375838926 0.1543026706231454
4 0.7323825503355704 0.36913946587537094 0.535234899328859 0.14124629080118695
13 0.7063758389261745 0.46320474777448073 0.4966442953020134 0.04925816023738872
13 0.19966442953020133 0.528486646884273 0.39932885906040266 0.037388724035608306
3 0.24161073825503357 0.21305637982195846 0.3825503355704698 0.06884272997032641
7 0.22818791946308725 0.2774480712166172 0.35570469798657717 0.0599406528189911
13 0.21476510067114093 0.3462908011869436 0.3053691275167785 0.032640949554896145
11 0.23070469798657717 0.08991097922848665 0.3070469798657718 0.14658753709198813