8 0.70859375 0.03687150837988827 0.484375 0.02346368715083799
9 0.70703125 0.053631284916201116 0.2203125 0.01564245810055866
12 0.72890625 0.09664804469273743 0.5046875 0.07039106145251396
5 0.73046875 0.21899441340782122 0.528125 0.15418994413407822
4 0.73203125 0.3692737430167598 0.5359375 0.14078212290502792
13 0.70703125 0.4631284916201117 0.4984375 0.05027932960893855
13 0.19921875 0.5284916201117319 0.3984375 0.03687150837988827
3 0.24140625 0.21340782122905028 0.3828125 0.06927374301675977
7 0.228125 0.2776536312849162 0.35625 0.060335195530726256
13 0.21484375 0.3463687150837989 0.3046875 0.0335195530726257
11 0.23046875 0.08994413407821229 0.30625 0.14748603351955308