8 0.30029585798816566 0.2603550295857988 0.11538461538461539 0.023668639053254437
9 0.30177514792899407 0.27958579881656803 0.08875739644970414 0.014792899408284023
12 0.6124260355029586 0.16568047337278108 0.378698224852071 0.0650887573964497
3 0.5872781065088757 0.09615384615384616 0.28106508875739644 0.038461538461538464
4 0.6124260355029586 0.34911242603550297 0.38461538461538464 0.23076923076923078
5 0.6109467455621301 0.5887573964497042 0.3757396449704142 0.22485207100591717
10 0.613905325443787 0.7973372781065089 0.3816568047337278 0.16272189349112426
13 0.2973372781065089 0.40532544378698226 0.1863905325443787 0.15384615384615385
6 0.2677514792899408 0.7988165680473372 0.12130177514792899 0.17159763313609466
13 0.2988165680473373 0.599112426035503 0.1893491124260355 0.15088757396449703
11 0.2973372781065089 0.16715976331360946 0.12130177514792899 0.13313609467455623