8 0.06015625 0.1888268156424581 0.1203125 0.04022346368715084
9 0.05 0.21564245810055865 0.1 0.0223463687150838
12 0.34765625 0.10335195530726257 0.24375 0.12290502793296089
4 0.32578125 0.3100558659217877 0.2953125 0.21787709497206703
3 0.0234375 0.29441340782122905 0.046875 0.10167597765363129
11 0.05078125 0.08156424581005586 0.1015625 0.1452513966480447
4 0.55234375 0.45251396648044695 0.2734375 0.0670391061452514
5 0.34453125 0.8843575418994414 0.6890625 0.23128491620111732
12 0.546875 0.5659217877094972 0.284375 0.15083798882681565
6 0.546875 0.7156424581005587 0.284375 0.1217877094972067
12 0.7296875 0.5458100558659218 0.08125 0.21787709497206703
13 0.7265625 0.864804469273743 0.075 0.2681564245810056
5 0.90625 0.7223463687150838 0.1875 0.5553072625698324