13 0.265625 0.09273743016759776 0.228125 0.18547486033519553
13 0.2625 0.26424581005586595 0.234375 0.11508379888268157
7 0.2625 0.36703910614525137 0.228125 0.0659217877094972
4 0.61328125 0.12513966480446928 0.4671875 0.14078212290502792
1 0.65859375 0.38324022346368714 0.5578125 0.0335195530726257
13 0.65 0.27318435754189946 0.540625 0.14860335195530727
4 0.18984375 0.5480446927374302 0.3796875 0.28268156424581004
10 0.18984375 0.8189944134078212 0.3796875 0.16983240223463686
5 0.83515625 0.5905027932960893 0.3296875 0.38100558659217876
4 0.85703125 0.8709497206703911 0.2859375 0.15977653631284916
3 0.515625 0.488268156424581 0.271875 0.1005586592178771
1 0.52890625 0.6301675977653631 0.2984375 0.16983240223463686
13 0.52109375 0.7860335195530727 0.2828125 0.13966480446927373
7 0.52421875 0.9156424581005587 0.2890625 0.1106145251396648