8 0.03515625 0.024022346368715083 0.0703125 0.03240223463687151
9 0.02890625 0.05307262569832402 0.0578125 0.02569832402234637
13 0.06171875 0.2837988826815642 0.1234375 0.2212290502793296
7 0.05859375 0.42849162011173186 0.1171875 0.061452513966480445
4 0.2921875 0.16145251396648044 0.3 0.22905027932960895
5 0.296875 0.38268156424581007 0.29375 0.15307262569832403
3 0.734375 0.0553072625698324 0.53125 0.1106145251396648
4 0.734375 0.2111731843575419 0.53125 0.16983240223463686
5 0.734375 0.3871508379888268 0.53125 0.1441340782122905
13 0.74296875 0.5022346368715084 0.4765625 0.08603351955307263
5 0.7515625 0.7497206703910615 0.496875 0.35977653631284917