12 0.13359375 0.17150837988826817 0.2671875 0.15754189944134078
4 0.41015625 0.19832402234636873 0.0796875 0.21787709497206703
3 0.11796875 0.3368715083798883 0.2359375 0.1441340782122905
7 0.88125 0.07541899441340782 0.2375 0.09273743016759776
6 0.8796875 0.21899441340782122 0.240625 0.14972067039106146
4 0.55078125 0.06815642458100558 0.2015625 0.13631284916201117
5 0.5921875 0.2776536312849162 0.284375 0.26256983240223464
8 0.215625 0.4480446927374302 0.1875 0.0782122905027933
3 0.39296875 0.453072625698324 0.1140625 0.08826815642458101
12 0.38984375 0.6692737430167598 0.1203125 0.2547486033519553
4 0.38984375 0.9173184357541899 0.1203125 0.1653631284916201
9 0.2140625 0.8078212290502793 0.1734375 0.14078212290502792
9 0.23828125 0.5027932960893855 0.128125 0.02011173184357542
13 0.2015625 0.9513966480446927 0.1375 0.09720670391061452
11 0.20859375 0.623463687150838 0.1375 0.18100558659217877
12 0.58125 0.47094972067039104 0.259375 0.11731843575418995
5 0.8734375 0.5972067039106145 0.253125 0.3653631284916201
13 0.8640625 0.8966480446927374 0.253125 0.20670391061452514
4 0.58125 0.6581005586592179 0.2625 0.2212290502793296
7 0.56171875 0.8547486033519553 0.2234375 0.12290502793296089
6 0.565625 0.9687150837988827 0.225 0.06256983240223464