8 0.3 0.25977653631284914 0.115625 0.0223463687150838
9 0.3015625 0.27932960893854747 0.0890625 0.01452513966480447
12 0.6125 0.1653631284916201 0.3796875 0.06480446927374302
3 0.58671875 0.09664804469273743 0.2796875 0.03910614525139665
4 0.61171875 0.34916201117318435 0.384375 0.23016759776536314
5 0.6109375 0.588268156424581 0.3765625 0.22346368715083798
10 0.61328125 0.7977653631284917 0.38125 0.16424581005586592
13 0.29765625 0.40558659217877097 0.1875 0.15418994413407822
6 0.2671875 0.7988826815642458 0.1203125 0.17094972067039105
13 0.29921875 0.5994413407821229 0.1890625 0.15083798882681565
11 0.29765625 0.16759776536312848 0.1234375 0.1340782122905028