12 0.31015625 0.0776536312849162 0.3046875 0.1553072625698324
4 0.2546875 0.253072625698324 0.1859375 0.16759776536312848
5 0.31953125 0.45754189944134077 0.309375 0.17988826815642459
3 0.053125 0.03128491620111732 0.10625 0.06256983240223464
13 0.040625 0.19385474860335195 0.08125 0.17318435754189945
1 0.0421875 0.5050279329608939 0.084375 0.10949720670391061
7 0.053125 0.36703910614525137 0.10625 0.11284916201117319
4 0.8875 0.08994413407821229 0.225 0.17988826815642459
5 0.8875 0.33798882681564246 0.225 0.31843575418994413
6 0.89140625 0.5363128491620112 0.2171875 0.04692737430167598
5 0.39453125 0.8698324022346369 0.5109375 0.26033519553072626
3 0.05859375 0.6966480446927374 0.1171875 0.1106145251396648
13 0.06953125 0.864804469273743 0.1390625 0.20335195530726258
12 0.4 0.6899441340782123 0.5 0.09050279329608939
8 0.33359375 0.5770949720670391 0.1921875 0.02905027932960894
3 0.33984375 0.6083798882681565 0.4765625 0.026815642458100558