5 0.34609375 0.09832402234636871 0.3046875 0.19664804469273742
6 0.32890625 0.2581005586592179 0.2703125 0.09497206703910614
7 0.28359375 0.36201117318435755 0.1796875 0.09050279329608939
3 0.3109375 0.45363128491620114 0.2546875 0.0670391061452514
13 0.040625 0.09664804469273743 0.08125 0.17094972067039105
1 0.021875 0.26424581005586595 0.04375 0.12625698324022347
6 0.7859375 0.3256983240223464 0.371875 0.13519553072625698
7 0.75546875 0.4692737430167598 0.3109375 0.08044692737430167
3 0.7 0.164804469273743 0.2 0.1418994413407821
9 0.79453125 0.0067039106145251395 0.1734375 0.013407821229050279
4 0.33203125 0.6871508379888268 0.5359375 0.21452513966480447
7 0.28203125 0.9139664804469274 0.446875 0.17094972067039105
3 0.69921875 0.5491620111731843 0.1984375 0.054748603351955305
4 0.7515625 0.7329608938547486 0.303125 0.21899441340782122
5 0.8 0.9284916201117318 0.4 0.1430167597765363