4 0.12265625 0.037430167597765365 0.2453125 0.07486033519553073
5 0.12109375 0.2022346368715084 0.2421875 0.15865921787709497
13 0.12109375 0.3513966480446927 0.2421875 0.03687150837988827
5 0.1765625 0.6340782122905028 0.325 0.14860335195530727
4 0.171875 0.4860335195530726 0.334375 0.11843575418994413
7 0.175 0.7575418994413408 0.328125 0.06480446927374302
2 0.178125 0.8927374301675978 0.321875 0.17653631284916202
5 0.73984375 0.5888268156424581 0.5203125 0.43798882681564244
7 0.39765625 0.6268156424581005 0.1171875 0.08715083798882682
6 0.384375 0.7418994413407821 0.090625 0.11620111731843576
13 0.38828125 0.5027932960893855 0.0984375 0.14748603351955308