4 0.1390625 0.4659217877094972 0.278125 0.2435754189944134
12 0.13671875 0.2558659217877095 0.2734375 0.1318435754189944
3 0.1546875 0.11843575418994413 0.309375 0.060335195530726256
8 0.13125 0.011731843575418994 0.2625 0.02346368715083799
9 0.1078125 0.035754189944134075 0.215625 0.026815642458100558
12 0.859375 0.02346368715083799 0.28125 0.04692737430167598
4 0.56328125 0.09720670391061452 0.4265625 0.14748603351955308
5 0.55390625 0.4122905027932961 0.4078125 0.4581005586592179
4 0.175 0.7603351955307263 0.35 0.11955307262569832
13 0.175 0.8558659217877095 0.35 0.0670391061452514
3 0.175 0.6759776536312849 0.35 0.024581005586592177
1 0.175 0.9508379888268157 0.35 0.09832402234636871
4 0.78671875 0.6726256983240223 0.4265625 0.026815642458100558
7 0.6921875 0.7379888268156425 0.228125 0.0782122905027933
13 0.7890625 0.8681564245810056 0.421875 0.17653631284916202