5 0.15 0.2759776536312849 0.3 0.0670391061452514
13 0.15 0.17486033519553074 0.3 0.09497206703910614
12 0.15 0.05139664804469274 0.3 0.10279329608938548
3 0.3796875 0.12067039106145251 0.159375 0.24134078212290502
7 0.38125 0.28156424581005585 0.1625 0.055865921787709494
5 0.7515625 0.1547486033519553 0.496875 0.3094972067039106
5 0.859375 0.37094972067039106 0.28125 0.12290502793296089
4 0.85859375 0.5050279329608939 0.2828125 0.14078212290502792
13 0.85546875 0.5988826815642458 0.2890625 0.049162011173184354
13 0.47578125 0.6642458100558659 0.3515625 0.03687150837988827
3 0.49453125 0.34972067039106147 0.3828125 0.06927374301675977
7 0.48125 0.41396648044692735 0.35625 0.060335195530726256
13 0.46796875 0.48268156424581005 0.3046875 0.0335195530726257