4 0.06953125 0.3994413407821229 0.1390625 0.11508379888268157
13 0.44375 0.31508379888268156 0.090625 0.12067039106145251
5 0.1625 0.21508379888268156 0.325 0.2446927374301676
7 0.44375 0.4301675977653631 0.090625 0.06927374301675977
12 0.296875 0.020670391061452513 0.384375 0.041340782122905026
4 0.44765625 0.16033519553072625 0.0828125 0.1463687150837989
3 0.440625 0.6698324022346369 0.096875 0.19329608938547485
1 0.0875 0.511731843575419 0.175 0.09832402234636871
6 0.44296875 0.5245810055865922 0.0921875 0.08379888268156424
4 0.74453125 0.08435754189944134 0.5109375 0.16871508379888267
5 0.7390625 0.5770949720670391 0.5 0.40558659217877097
1 0.67265625 0.2681564245810056 0.3671875 0.18994413407821228
4 0.3078125 0.8899441340782123 0.3625 0.2201117318435754