0 0.15234375 0.4424581005586592 0.2828125 0.1653631284916201
5 0.6640625 0.5871508379888268 0.646875 0.5217877094972067
13 0.1640625 0.26256983240223464 0.278125 0.15977653631284916
3 0.13203125 0.9418994413407821 0.2203125 0.09608938547486033
4 0.6515625 0.9290502793296089 0.640625 0.1329608938547486
8 0.49765625 0.0670391061452514 0.3203125 0.034636871508379886
11 0.109375 0.0782122905027933 0.1765625 0.12513966480446928
9 0.47890625 0.1005586592178771 0.2859375 0.02011173184357542
13 0.6328125 0.25754189944134076 0.596875 0.10167597765363129
12 0.65234375 0.17318435754189945 0.640625 0.06815642458100558
6 0.159375 0.6184357541899441 0.3125 0.1463687150837989