5 0.2546875 0.3340782122905028 0.509375 0.23016759776536314
13 0.2546875 0.14972067039106146 0.509375 0.10279329608938548
12 0.2546875 0.06536312849162011 0.509375 0.06815642458100558
4 0.7546875 0.2877094972067039 0.490625 0.13966480446927373
8 0.68203125 0.09497206703910614 0.2953125 0.03240223463687151
13 0.7546875 0.41396648044692735 0.490625 0.07039106145251396
3 0.7546875 0.15921787709497207 0.490625 0.03240223463687151
11 0.675 0.03910614525139665 0.125 0.0782122905027933
9 0.684375 0.12793296089385475 0.290625 0.02346368715083799
8 0.06015625 0.524022346368715 0.1203125 0.0335195530726257
3 0.07890625 0.629608938547486 0.1578125 0.05027932960893855
9 0.04375 0.5558659217877095 0.0875 0.02569832402234637
12 0.06640625 0.7575418994413408 0.1328125 0.11620111731843576
5 0.31640625 0.8508379888268156 0.2953125 0.29832402234636873
4 0.0671875 0.9173184357541899 0.134375 0.1653631284916201
11 0.31953125 0.5653631284916201 0.20625 0.2111731843575419