3 0.14453125 0.22734375 0.190625 0.0921875
11 0.1125 0.07734375 0.125 0.103125
5 0.646875 0.57109375 0.5609375 0.21875
4 0.5234375 0.3484375 0.328125 0.190625
12 0.6546875 0.209375 0.56875 0.0609375
7 0.159375 0.375 0.2140625 0.1390625
6 0.1546875 0.69296875 0.21875 0.1390625
13 0.56953125 0.759375 0.4046875 0.1109375
13 0.153125 0.5328125 0.2140625 0.140625
6 0.1296875 0.82421875 0.1671875 0.075
13 0.53828125 0.90078125 0.3359375 0.1109375
3 0.1328125 0.91796875 0.1640625 0.0671875
8 0.30234375 0.06015625 0.1703125 0.03125
9 0.40546875 0.0890625 0.3921875 0.025