0 0.0296875 0.43184357541899443 0.059375 0.1664804469273743
5 0.22265625 0.4877094972067039 0.2328125 0.34301675977653634
13 0.034375 0.2519553072625698 0.06875 0.15977653631284916
8 0.22109375 0.056424581005586595 0.2359375 0.034636871508379886
9 0.2203125 0.09050279329608939 0.2375 0.02011173184357542
13 0.21953125 0.24692737430167597 0.2390625 0.10279329608938548
12 0.21796875 0.16256983240223463 0.2421875 0.06815642458100558
6 0.040625 0.5972067039106145 0.08125 0.12402234636871508
8 0.56640625 0.015083798882681564 0.1765625 0.030167597765363128
9 0.56875 0.04189944134078212 0.1453125 0.017877094972067038
4 0.85546875 0.10949720670391061 0.2890625 0.21899441340782122
5 0.85703125 0.4262569832402235 0.2859375 0.3452513966480447
3 0.5171875 0.14804469273743018 0.1375 0.10726256983240223
13 0.5671875 0.33854748603351953 0.2421875 0.2335195530726257
7 0.56328125 0.5513966480446927 0.240625 0.1553072625698324
1 0.165625 0.8553072625698324 0.33125 0.28938547486033517