3 0.14375 0.22737430167597766 0.190625 0.09273743016759776
11 0.1125 0.0782122905027933 0.125 0.10279329608938548
5 0.64765625 0.5720670391061452 0.5609375 0.21899441340782122
4 0.5234375 0.34804469273743016 0.328125 0.18994413407821228
12 0.6546875 0.20893854748603352 0.5703125 0.061452513966480445
7 0.15859375 0.3743016759776536 0.2140625 0.13966480446927373
6 0.1546875 0.6932960893854748 0.21875 0.13966480446927373
13 0.56953125 0.758659217877095 0.40625 0.11173184357541899
13 0.15234375 0.5329608938547487 0.2140625 0.14078212290502792
6 0.13046875 0.823463687150838 0.1671875 0.07597765363128492
13 0.53828125 0.9005586592178771 0.3359375 0.1106145251396648
3 0.13359375 0.917877094972067 0.1625 0.06815642458100558
8 0.30234375 0.05921787709497207 0.1703125 0.03128491620111732
9 0.40546875 0.0888268156424581 0.3921875 0.024581005586592177