7 0.06640625 0.4301675977653631 0.1328125 0.09832402234636871
5 0.24453125 0.1340782122905028 0.4890625 0.2681564245810056
4 0.1984375 0.3217877094972067 0.396875 0.049162011173184354
8 0.69296875 0.043016759776536316 0.2984375 0.02569832402234637
3 0.571875 0.2100558659217877 0.165625 0.13854748603351955
9 0.69453125 0.08547486033519552 0.3671875 0.035754189944134075
3 0.56875 0.3513966480446927 0.159375 0.11508379888268157
9 0.11796875 0.5346368715083799 0.2359375 0.03687150837988827
3 0.09921875 0.5648044692737431 0.1984375 0.021229050279329607
2 0.28515625 0.9553072625698324 0.3390625 0.0893854748603352
4 0.3046875 0.7480446927374301 0.36875 0.3005586592178771
11 0.38203125 0.5396648044692738 0.1578125 0.08044692737430167