5 0.434375 0.06201117318435754 0.25 0.12402234636871508
4 0.43203125 0.27430167597765365 0.2546875 0.19106145251396647
3 0.121875 0.09273743016759776 0.24375 0.10279329608938548
6 0.11328125 0.27318435754189946 0.2265625 0.1329608938547486
4 0.60859375 0.11787709497206704 0.0984375 0.2
13 0.85859375 0.12513966480446928 0.2828125 0.21899441340782122
8 0.32578125 0.3815642458100559 0.3578125 0.02346368715083799
3 0.28515625 0.41508379888268154 0.28125 0.03128491620111732
12 0.28359375 0.505586592178771 0.5515625 0.07486033519553073
5 0.28203125 0.6888268156424581 0.5546875 0.22905027932960895
4 0.28359375 0.864804469273743 0.5515625 0.05810055865921788
13 0.284375 0.9631284916201117 0.55 0.07374301675977654
3 0.7796875 0.43798882681564244 0.440625 0.13631284916201117
12 0.7796875 0.5972067039106145 0.440625 0.10391061452513967
4 0.7796875 0.7698324022346369 0.440625 0.18324022346368715
7 0.72734375 0.9290502793296089 0.3359375 0.07262569832402235