5 0.2 0.29441340782122905 0.4 0.47039106145251397
9 0.28984375 0.00782122905027933 0.1953125 0.01564245810055866
11 0.09140625 0.016201117318435754 0.1546875 0.03240223463687151
9 0.80625 0.008938547486033519 0.3875 0.017877094972067038
5 0.7 0.09217877094972067 0.6 0.13072625698324022
1 0.7 0.24134078212290502 0.6 0.16089385474860335
10 0.7 0.3743016759776536 0.6 0.10279329608938548
5 0.7 0.4787709497206704 0.6 0.10167597765363129
8 0.21328125 0.5815642458100558 0.2828125 0.021229050279329607
9 0.240625 0.6089385474860335 0.2265625 0.0223463687150838
3 0.284375 0.6603351955307263 0.146875 0.042458100558659215
12 0.20859375 0.7430167597765364 0.3828125 0.060335195530726256
5 0.29921875 0.9139664804469274 0.2015625 0.17206703910614526
13 0.08125 0.9128491620111732 0.140625 0.17430167597765364