13 0.29609375 0.09944134078212291 0.1453125 0.15418994413407822
5 0.10234375 0.2636871508379888 0.2046875 0.4134078212290503
7 0.29765625 0.3089385474860335 0.1421875 0.12849162011173185
5 0.1015625 0.6508379888268156 0.203125 0.23128491620111732
13 0.3109375 0.8 0.115625 0.25921787709497207
7 0.3046875 0.9715083798882681 0.115625 0.05698324022346369
4 0.10078125 0.9044692737430168 0.2015625 0.19106145251396647
3 0.30546875 0.5737430167597766 0.1265625 0.14860335195530727
4 0.57890625 0.5402234636871508 0.4203125 0.08156424581005586
10 0.51640625 0.8016759776536313 0.2953125 0.1463687150837989
13 0.634375 0.9458100558659218 0.53125 0.10837988826815642
5 0.57890625 0.6525139664804469 0.4203125 0.1340782122905028