5 0.478125 0.2245810055865922 0.18125 0.4491620111731844
6 0.1640625 0.2005586592178771 0.328125 0.13519553072625698
7 0.13359375 0.36089385474860336 0.2671875 0.11396648044692738
3 0.078125 0.0553072625698324 0.15625 0.1106145251396648
8 0.20859375 0.6815642458100558 0.2359375 0.07374301675977654
4 0.51328125 0.5134078212290503 0.1109375 0.12849162011173185
5 0.51171875 0.7983240223463687 0.1140625 0.4033519553072626
3 0.2375 0.8575418994413407 0.315625 0.12290502793296089
12 0.24140625 0.9687150837988827 0.3171875 0.06256983240223464
9 0.196875 0.7318435754189944 0.2125 0.01675977653631285
11 0.24140625 0.5391061452513967 0.2828125 0.17988826815642459