5 0.2703125 0.4569832402234637 0.528125 0.3843575418994413
4 0.2453125 0.11620111731843576 0.478125 0.22346368715083798
12 0.81484375 0.17430167597765364 0.3703125 0.10502793296089385
5 0.81484375 0.3346368715083799 0.3703125 0.16871508379888267
4 0.81484375 0.47541899441340785 0.3703125 0.05921787709497207
10 0.81484375 0.5893854748603352 0.3703125 0.11955307262569832
3 0.91015625 0.0446927374301676 0.1796875 0.0893854748603352
11 0.715625 0.04692737430167598 0.171875 0.09385474860335195
5 0.31484375 0.8245810055865922 0.6296875 0.35083798882681566
5 0.81484375 0.7541899441340782 0.3703125 0.2100558659217877
10 0.81328125 0.9351955307262569 0.3671875 0.12960893854748604