8 0.6515625 0.06424581005586592 0.39375 0.054748603351955305
9 0.5890625 0.11787709497206704 0.2640625 0.034636871508379886
4 0.66875 0.3195530726256983 0.4296875 0.31731843575418994
5 0.71015625 0.641340782122905 0.4921875 0.2837988826815642
2 0.66796875 0.888268156424581 0.4109375 0.16201117318435754
3 0.1875 0.3 0.3078125 0.1340782122905028
12 0.2109375 0.441340782122905 0.3109375 0.12067039106145251
7 0.19921875 0.5726256983240223 0.3015625 0.10837988826815642
13 0.14765625 0.7251396648044692 0.1984375 0.17318435754189945
6 0.18828125 0.8927374301675978 0.2875 0.1463687150837989
11 0.21953125 0.12067039106145251 0.2453125 0.18324022346368715