8 0.40234375 0.09329608938547486 0.4 0.02905027932960894
3 0.81484375 0.10726256983240223 0.2546875 0.053631284916201116
3 0.20390625 0.25754189944134076 0.28125 0.1430167597765363
3 0.19609375 0.4195530726256983 0.2625 0.1564245810055866
5 0.1875 0.5441340782122905 0.240625 0.06368715083798883
4 0.18984375 0.61731843575419 0.2453125 0.06480446927374302
13 0.20234375 0.7240223463687151 0.278125 0.12513966480446928
3 0.33671875 0.8692737430167597 0.546875 0.13631284916201117
5 0.4921875 0.4793296089385475 0.2578125 0.5787709497206703
12 0.8125 0.3715083798882682 0.25 0.36312849162011174
9 0.36328125 0.1212290502793296 0.321875 0.0223463687150838
11 0.12890625 0.10502793296089385 0.109375 0.08268156424581005