8 0.4021164021164021 0.093125 0.3985890652557319 0.02875
3 0.8148148148148148 0.106875 0.25396825396825395 0.05375
3 0.2037037037037037 0.2575 0.2804232804232804 0.1425
3 0.19576719576719576 0.419375 0.26102292768959434 0.15625
5 0.18694885361552027 0.544375 0.23985890652557318 0.06375
4 0.18959435626102292 0.6175 0.24514991181657847 0.065
13 0.20282186948853614 0.72375 0.2786596119929453 0.125
3 0.3368606701940035 0.86875 0.54673721340388 0.135
5 0.49206349206349204 0.479375 0.25749559082892415 0.57875
12 0.8130511463844797 0.371875 0.25044091710758376 0.36375
9 0.36331569664902996 0.12125 0.32098765432098764 0.0225
11 0.12874779541446207 0.105 0.10934744268077601 0.0825