12 0.42421875 0.09497206703910614 0.3296875 0.10726256983240223
5 0.42421875 0.35698324022346367 0.3296875 0.3452513966480447
3 0.07421875 0.293854748603352 0.1484375 0.24581005586592178
13 0.0921875 0.4782122905027933 0.184375 0.10279329608938548
9 0.38203125 0.009497206703910615 0.2453125 0.01899441340782123
11 0.08671875 0.06312849162011173 0.1734375 0.12625698324022347
9 0.2015625 0.5391061452513967 0.403125 0.01899441340782123
12 0.29453125 0.6240223463687151 0.5890625 0.07709497206703911
3 0.17578125 0.5603351955307263 0.3515625 0.01899441340782123
5 0.29453125 0.7491620111731844 0.5890625 0.1329608938547486
4 0.29453125 0.9022346368715084 0.5890625 0.13743016759776536