12 0.18203125 0.13966480446927373 0.2640625 0.27932960893854747
5 0.8625 0.16312849162011173 0.275 0.24134078212290502
4 0.86640625 0.33910614525139665 0.2671875 0.08156424581005586
7 0.52421875 0.29441340782122905 0.1296875 0.08603351955307263
13 0.5703125 0.12290502793296089 0.221875 0.24581005586592178
8 0.09375 0.5720670391061452 0.178125 0.035754189944134075
9 0.0953125 0.6016759776536312 0.1453125 0.017877094972067038
12 0.37734375 0.4592178770949721 0.1640625 0.12513966480446928
4 0.3484375 0.6659217877094972 0.221875 0.22569832402234638
5 0.35 0.9067039106145252 0.21875 0.18659217877094972
3 0.05625 0.7072625698324022 0.1125 0.10726256983240223
13 0.10703125 0.8905027932960894 0.2140625 0.21899441340782122
11 0.0984375 0.4653631284916201 0.1578125 0.14860335195530727