9 0.02421875 0.012849162011173185 0.0484375 0.02346368715083799
5 0.225 0.2430167597765363 0.45 0.2737430167597765
12 0.71953125 0.08547486033519552 0.3046875 0.17094972067039105
4 0.6640625 0.2687150837988827 0.1859375 0.16759776536312848
3 0.4828125 0.03910614525139665 0.065625 0.0782122905027933
13 0.4703125 0.20949720670391062 0.040625 0.17318435754189945
7 0.4828125 0.35307262569832404 0.065625 0.053631284916201116
8 0.6890625 0.6307262569832403 0.215625 0.04357541899441341
9 0.6859375 0.6631284916201118 0.16875 0.02569832402234637
12 0.93828125 0.46145251396648046 0.1234375 0.16312849162011173
4 0.93984375 0.7139664804469273 0.1203125 0.28156424581005585
7 0.93515625 0.9312849162011173 0.1296875 0.13743016759776536
13 0.6890625 0.8754189944134079 0.228125 0.24916201117318434
3 0.4734375 0.7335195530726257 0.046875 0.2446927374301676