12 0.24296875 0.04692737430167598 0.3921875 0.09385474860335195
5 0.24296875 0.3407821229050279 0.3921875 0.4223463687150838
4 0.2421875 0.658659217877095 0.39375 0.16201117318435754
12 0.7796875 0.03910614525139665 0.440625 0.0782122905027933
4 0.76640625 0.21452513966480447 0.4203125 0.2111731843575419
5 0.7796875 0.5558659217877095 0.440625 0.3340782122905028
3 0.484375 0.2837988826815642 0.090625 0.13631284916201117
7 0.484375 0.4564245810055866 0.090625 0.12849162011173185
13 0.48671875 0.6301675977653631 0.0953125 0.12737430167597766
11 0.4859375 0.08435754189944134 0.09375 0.16871508379888267
4 0.496875 0.8698324022346369 0.115625 0.26033519553072626
5 0.784375 0.870391061452514 0.2125 0.25921787709497207