12 0.209375 0.08268156424581005 0.41875 0.08491620111731843
13 0.209375 0.2441340782122905 0.41875 0.19329608938547485
5 0.209375 0.535195530726257 0.41875 0.32849162011173183
5 0.85625 0.1458100558659218 0.2875 0.2916201117318436
4 0.8578125 0.37318435754189944 0.284375 0.16089385474860335
13 0.85546875 0.5134078212290503 0.2890625 0.09944134078212291
3 0.55390625 0.10279329608938548 0.2703125 0.1452513966480447
7 0.559375 0.3659217877094972 0.28125 0.3675977653631285
13 0.859375 0.6268156424581005 0.28125 0.11173184357541899
1 0.315625 0.7865921787709497 0.20625 0.12513966480446928
2 0.315625 0.9195530726256983 0.20625 0.0893854748603352
5 0.0734375 0.8106145251396648 0.146875 0.2223463687150838