13 0.309375 0.6698324022346369 0.61875 0.09944134078212291
5 0.309375 0.3486033519553073 0.61875 0.3463687150837989
9 0.14375 0.012849162011173185 0.2875 0.01899441340782123
12 0.309375 0.11284916201117319 0.61875 0.09162011173184358
3 0.58984375 0.02346368715083799 0.0578125 0.04692737430167598
4 0.309375 0.5737430167597766 0.61875 0.07486033519553073
5 0.8875 0.13463687150837989 0.225 0.26927374301675977
8 0.66171875 0.08547486033519552 0.0859375 0.07709497206703911
3 0.665625 0.2810055865921788 0.09375 0.2916201117318436
12 0.6875 0.5893854748603352 0.1375 0.26033519553072626
4 0.890625 0.4363128491620112 0.21875 0.2670391061452514
6 0.8859375 0.6581005586592179 0.228125 0.12290502793296089
5 0.484375 0.8899441340782123 0.26875 0.2201117318435754
1 0.12421875 0.9340782122905028 0.2484375 0.1318435754189944
13 0.15859375 0.8022346368715084 0.3171875 0.11173184357541899
4 0.809375 0.7363128491620111 0.38125 0.0335195530726257
13 0.809375 0.8335195530726257 0.38125 0.09608938547486033
7 0.809375 0.9575418994413408 0.38125 0.08491620111731843