8 0.40625 0.2424581005586592 0.0875 0.042458100558659215
12 0.578125 0.10893854748603352 0.2234375 0.07709497206703911
4 0.553125 0.2212290502793296 0.175 0.1329608938547486
5 0.57421875 0.39776536312849164 0.2171875 0.21340782122905028
13 0.55078125 0.553072625698324 0.1765625 0.09162011173184358
1 0.565625 0.647486033519553 0.2015625 0.08491620111731843
6 0.53984375 0.741340782122905 0.1453125 0.09162011173184358
7 0.4109375 0.43072625698324024 0.0796875 0.10167597765363129
13 0.4109375 0.547486033519553 0.078125 0.10502793296089385
13 0.41484375 0.6631284916201118 0.0734375 0.1106145251396648
3 0.39609375 0.31731843575418994 0.109375 0.10279329608938548
11 0.403125 0.13910614525139664 0.078125 0.14860335195530727