8 0.4058333333333333 0.2425 0.08666666666666667 0.0425
12 0.5783333333333334 0.10875 0.22333333333333333 0.0775
4 0.5529166666666666 0.22125 0.17416666666666666 0.1325
5 0.57375 0.3975 0.21583333333333332 0.2125
13 0.5508333333333333 0.553125 0.17666666666666667 0.09125
6 0.54 0.74125 0.145 0.0925
7 0.41083333333333333 0.430625 0.08 0.10125
13 0.41083333333333333 0.5475 0.07666666666666666 0.105
13 0.41458333333333336 0.663125 0.0725 0.11125
3 0.39625 0.3175 0.10916666666666666 0.1025
11 0.40291666666666665 0.139375 0.0775 0.14875