6 0.159375 0.32122905027932963 0.31875 0.08603351955307263
5 0.12421875 0.13687150837988826 0.2484375 0.2737430167597765
4 0.88203125 0.21564245810055865 0.2359375 0.2681564245810056
3 0.471875 0.11731843575418995 0.25625 0.10502793296089385
13 0.52265625 0.2837988826815642 0.3640625 0.10837988826815642
8 0.1125 0.42905027932960893 0.225 0.02011173184357542
12 0.13984375 0.48659217877094973 0.2796875 0.04581005586592179
4 0.11875 0.6502793296089385 0.2375 0.09385474860335195
5 0.1359375 0.8715083798882681 0.271875 0.18994413407821228
13 0.103125 0.7301675977653631 0.20625 0.041340782122905026
3 0.11328125 0.5329608938547487 0.2265625 0.0335195530726257
9 0.0578125 0.45083798882681564 0.115625 0.021229050279329607