8 0.0328125 0.12011173184357542 0.065625 0.04357541899441341
3 0.01484375 0.19553072625698323 0.0296875 0.08491620111731843
12 0.2390625 0.39497206703910615 0.478125 0.13519553072625698
5 0.24375 0.5452513966480447 0.4875 0.14748603351955308
11 0.40625 0.19441340782122904 0.146875 0.24134078212290502
13 0.96875 0.3659217877094972 0.0625 0.21340782122905028
7 0.97109375 0.16033519553072625 0.0578125 0.14860335195530727
1 0.971875 0.5597765363128492 0.05625 0.11843575418994413
13 0.728125 0.253072625698324 0.2375 0.34301675977653634
12 0.72578125 0.03407821229050279 0.2328125 0.04581005586592179
5 0.7140625 0.5312849162011173 0.209375 0.17541899441340783
5 0.45234375 0.7927374301675978 0.3140625 0.3474860335195531
8 0.096875 0.6385474860335195 0.19375 0.03910614525139665
13 0.09609375 0.7675977653631285 0.1921875 0.20335195530726258
7 0.05 0.8988826815642458 0.1 0.05698324022346369
6 0.10390625 0.9681564245810056 0.2078125 0.06368715083798883