13 0.309375 0.4681564245810056 0.61875 0.12737430167597766
5 0.309375 0.15307262569832403 0.61875 0.30614525139664805
7 0.309375 0.5854748603351956 0.61875 0.060335195530726256
4 0.309375 0.35810055865921786 0.61875 0.07486033519553073
12 0.903125 0.08435754189944134 0.19375 0.16201117318435754
3 0.703125 0.038547486033519554 0.16875 0.07486033519553073
5 0.809375 0.4195530726256983 0.38125 0.43910614525139663
13 0.51015625 0.9497206703910615 0.2171875 0.1005586592178771
8 0.22578125 0.6754189944134078 0.2453125 0.07262569832402235
9 0.22421875 0.7340782122905027 0.225 0.02346368715083799
3 0.23515625 0.8932960893854749 0.2109375 0.21340782122905028