8 0.28125 0.19888268156424582 0.0875 0.042458100558659215
12 0.45 0.06536312849162011 0.21875 0.07709497206703911
4 0.428125 0.1776536312849162 0.175 0.1329608938547486
5 0.44921875 0.3541899441340782 0.2171875 0.21340782122905028
13 0.42578125 0.5094972067039106 0.1765625 0.09162011173184358
7 0.2859375 0.3871508379888268 0.0796875 0.10167597765363129
13 0.2859375 0.5039106145251396 0.078125 0.10502793296089385
3 0.27109375 0.2737430167597765 0.109375 0.10279329608938548
11 0.278125 0.09553072625698324 0.078125 0.14860335195530727
8 0.27109375 0.7770949720670391 0.26875 0.027932960893854747
9 0.20234375 0.8016759776536313 0.1390625 0.02011173184357542
12 0.296875 0.911731843575419 0.2578125 0.049162011173184354
3 0.51796875 0.840782122905028 0.0828125 0.04581005586592179
4 0.2671875 0.9810055865921787 0.290625 0.03798882681564246
4 0.7796875 0.6776536312849162 0.440625 0.21564245810055865
5 0.7796875 0.9145251396648044 0.440625 0.17094972067039105