5 0.14140625 0.1106145251396648 0.2828125 0.2212290502793296
4 0.05703125 0.28324022346368716 0.1140625 0.09273743016759776
6 0.0296875 0.39608938547486033 0.059375 0.10837988826815642
5 0.8296875 0.40782122905027934 0.340625 0.2435754189944134
13 0.82890625 0.06480446927374302 0.3421875 0.12960893854748604
3 0.43203125 0.1972067039106145 0.2265625 0.05698324022346369
11 0.38203125 0.10558659217877095 0.1265625 0.1217877094972067
6 0.82578125 0.2 0.3484375 0.1340782122905028
9 0.3859375 0.021229050279329607 0.134375 0.02905027932960894
1 0.42890625 0.4877094972067039 0.2203125 0.08379888268156424
4 0.428125 0.3357541899441341 0.21875 0.19106145251396647
13 0.659375 0.5430167597765363 0.68125 0.026815642458100558
13 0.62265625 0.6932960893854748 0.6078125 0.2737430167597765
7 0.42734375 0.8748603351955307 0.2171875 0.0782122905027933
6 0.3859375 0.9497206703910615 0.134375 0.05139664804469274