8 0.175 0.028491620111731845 0.35 0.03240223463687151
5 0.29140625 0.3256983240223464 0.5828125 0.1664804469273743
12 0.2859375 0.17597765363128492 0.571875 0.1106145251396648
3 0.2703125 0.08268156424581005 0.540625 0.024581005586592177
9 0.08359375 0.060335195530726256 0.1671875 0.02011173184357542
12 0.8 0.013407821229050279 0.4 0.026815642458100558
5 0.8 0.2217877094972067 0.4 0.3743016759776536
1 0.33046875 0.4670391061452514 0.5390625 0.11620111731843576
4 0.3328125 0.6374301675977654 0.534375 0.21340782122905028
5 0.33203125 0.8720670391061452 0.5359375 0.24916201117318434
3 0.84453125 0.4877094972067039 0.29375 0.10502793296089385
5 0.84921875 0.7787709497206704 0.3015625 0.4424581005586592