13 0.225 0.13575418994413407 0.45 0.18659217877094972
6 0.04296875 0.28547486033519553 0.0859375 0.09497206703910614
9 0.14375 0.39497206703910615 0.215625 0.01005586592178771
12 0.225 0.49385474860335193 0.45 0.12513966480446928
4 0.225 0.7229050279329609 0.45 0.2011173184357542
5 0.225 0.9374301675977653 0.45 0.12513966480446928
4 0.53203125 0.5134078212290503 0.1640625 0.24692737430167597
12 0.82734375 0.42178770949720673 0.3453125 0.06368715083798883
3 0.76015625 0.5424581005586592 0.20625 0.1553072625698324
13 0.8125 0.7229050279329609 0.3109375 0.16312849162011173
5 0.53125 0.8195530726256983 0.1625 0.32737430167597764
13 0.81328125 0.924022346368715 0.3171875 0.15195530726256984