3 0.0703125 0.07486033519553073 0.140625 0.13854748603351955
4 0.2234375 0.21284916201117318 0.446875 0.07262569832402235
5 0.23984375 0.33519553072625696 0.4796875 0.1564245810055866
13 0.2328125 0.5005586592178771 0.465625 0.15865921787709497
11 0.38984375 0.06536312849162011 0.1796875 0.13072625698324022
3 0.534375 0.1324022346368715 0.109375 0.2424581005586592
5 0.8296875 0.16871508379888267 0.340625 0.31508379888268156
4 0.82890625 0.47430167597765366 0.3421875 0.2111731843575419
7 0.5484375 0.3653631284916201 0.1375 0.1340782122905028
13 0.5484375 0.5245810055865922 0.1375 0.1106145251396648
4 0.23984375 0.7899441340782123 0.4796875 0.4201117318435754