5 0.19375 0.1893854748603352 0.3875 0.23128491620111732
13 0.50859375 0.33854748603351953 0.1421875 0.25921787709497207
7 0.4890625 0.5005586592178771 0.115625 0.03798882681564246
4 0.19296875 0.4335195530726257 0.3859375 0.17206703910614526
3 0.503125 0.09329608938547486 0.153125 0.18659217877094972
11 0.3125 0.027374301675977653 0.1375 0.054748603351955305
12 0.109375 0.019553072625698324 0.21875 0.03910614525139665
3 0.7203125 0.06312849162011173 0.25625 0.12625698324022347
13 0.73046875 0.26256983240223464 0.3015625 0.2547486033519553
13 0.740625 0.4569832402234637 0.321875 0.12513966480446928
3 0.2453125 0.582122905027933 0.490625 0.08715083798882682
4 0.240625 0.8759776536312849 0.48125 0.24804469273743016