12 0.32578125 0.09553072625698324 0.4671875 0.09720670391061452
5 0.3265625 0.2441340782122905 0.465625 0.13072625698324022
4 0.7796875 0.1435754189944134 0.440625 0.2871508379888268
4 0.37421875 0.39776536312849164 0.3703125 0.17653631284916202
5 0.37578125 0.7223463687150838 0.3671875 0.3340782122905028
6 0.37734375 0.9653631284916201 0.3640625 0.06927374301675977
3 0.08125 0.45027932960893857 0.1625 0.13631284916201117
7 0.08125 0.6229050279329609 0.1625 0.12849162011173185
13 0.08359375 0.7966480446927374 0.1671875 0.12737430167597766
13 0.09765625 0.9553072625698324 0.1390625 0.0893854748603352
4 0.6515625 0.43575418994413406 0.184375 0.25251396648044694
13 0.89375 0.36201117318435755 0.2125 0.10502793296089385
7 0.89453125 0.8620111731843575 0.2109375 0.09944134078212291
6 0.89921875 0.970391061452514 0.2015625 0.05921787709497207
13 0.90078125 0.5547486033519553 0.1984375 0.21787709497206703
5 0.65625 0.7932960893854749 0.19375 0.4134078212290503
2 0.89765625 0.746927374301676 0.2046875 0.10614525139664804