13 0.3046875 0.038547486033519554 0.509375 0.07709497206703911
5 0.30703125 0.26536312849162014 0.5046875 0.35195530726256985
4 0.30625 0.4960893854748603 0.50625 0.08715083798882682
3 0.89921875 0.049720670391061456 0.2015625 0.09944134078212291
4 0.89921875 0.15083798882681565 0.2015625 0.0670391061452514
5 0.90078125 0.2910614525139665 0.1984375 0.17988826815642459
5 0.8984375 0.4681564245810056 0.203125 0.1430167597765363
4 0.2796875 0.7167597765363128 0.559375 0.13966480446927373
3 0.1703125 0.5910614525139665 0.340625 0.0782122905027933
13 0.2765625 0.8860335195530726 0.553125 0.14078212290502792
9 0.35703125 0.5446927374301676 0.2703125 0.01005586592178771