5 0.5453125 0.19888268156424582 0.328125 0.2770949720670391
13 0.08671875 0.4016759776536313 0.1734375 0.1553072625698324
13 0.1515625 0.17541899441340783 0.303125 0.22569832402234638
7 0.86875 0.30837988826815643 0.23125 0.13072625698324022
13 0.85390625 0.01452513966480447 0.2109375 0.02905027932960894
6 0.8390625 0.1458100558659218 0.165625 0.12737430167597766
8 0.17734375 0.5564245810055866 0.20625 0.01564245810055866
3 0.30078125 0.61731843575419 0.4515625 0.10614525139664804
4 0.390625 0.8441340782122905 0.6375 0.24022346368715083
6 0.8546875 0.8117318435754189 0.290625 0.08603351955307263
5 0.77890625 0.6217877094972067 0.1390625 0.2849162011173184