5 0.325 0.061452513966480445 0.65 0.12290502793296089
4 0.325 0.24860335195530725 0.65 0.21787709497206703
13 0.33046875 0.4022346368715084 0.3359375 0.054748603351955305
8 0.8953125 0.29329608938547486 0.1375 0.07374301675977654
9 0.8859375 0.34022346368715084 0.125 0.02011173184357542
3 0.8953125 0.4430167597765363 0.1859375 0.11284916201117319
11 0.89375 0.14748603351955308 0.1578125 0.17318435754189945
5 0.48359375 0.7625698324022346 0.3328125 0.38324022346368714
4 0.48203125 0.9810055865921787 0.3359375 0.03798882681564246
3 0.11015625 0.858659217877095 0.1953125 0.17541899441340783
13 0.1390625 0.9770949720670391 0.265625 0.04581005586592179
11 0.15 0.664804469273743 0.26875 0.18994413407821228
5 0.825 0.8229050279329609 0.35 0.3541899441340782