8 0.09654178674351585 0.27217125382262997 0.14985590778097982 0.053007135575942915
9 0.14553314121037464 0.3216106014271152 0.2478386167146974 0.021406727828746176
12 0.6685878962536023 0.08205912334352701 0.5821325648414986 0.09072375127421
5 0.6743515850144092 0.2512742099898063 0.5878962536023055 0.20081549439347604
4 0.6203170028818443 0.445973496432212 0.47982708933717577 0.14780835881753313
13 0.6801152737752162 0.6106014271151886 0.6023054755043228 0.1365953109072375
7 0.7989913544668588 0.7436289500509684 0.21757925072046108 0.0764525993883792
3 0.1563400576368876 0.8363914373088684 0.2896253602305475 0.20489296636085627
3 0.17002881844380405 0.5667686034658511 0.3112391930835735 0.2018348623853211
6 0.5324207492795389 0.8771661569826708 0.3011527377521614 0.09072375127421
11 0.17363112391930835 0.13710499490316005 0.2665706051873199 0.1967380224260958