8 0.096875 0.27206703910614527 0.15 0.053631284916201116
9 0.1453125 0.3217877094972067 0.2484375 0.021229050279329607
12 0.66875 0.08156424581005586 0.5828125 0.09050279329608939
5 0.67421875 0.25139664804469275 0.5890625 0.2
4 0.6203125 0.44581005586592176 0.48125 0.14748603351955308
13 0.6796875 0.6106145251396649 0.6015625 0.13631284916201117
1 0.50390625 0.7581005586592179 0.25 0.09944134078212291
7 0.79921875 0.7435754189944134 0.21875 0.07709497206703911
2 0.83046875 0.8508379888268156 0.275 0.09832402234636871
3 0.15625 0.8363128491620112 0.290625 0.20558659217877095
3 0.16953125 0.5664804469273743 0.3109375 0.2022346368715084
6 0.5328125 0.8770949720670391 0.3015625 0.09050279329608939
11 0.1734375 0.13687150837988826 0.2671875 0.19664804469273742