5 0.14296875 0.1430167597765363 0.2859375 0.2860335195530726
13 0.1421875 0.40502793296089384 0.284375 0.15307262569832403
12 0.8 0.03128491620111732 0.4 0.06256983240223464
5 0.79921875 0.17541899441340783 0.4015625 0.19441340782122904
4 0.79765625 0.37262569832402237 0.4046875 0.16201117318435754
3 0.44453125 0.1424581005586592 0.2109375 0.18659217877094972
7 0.45078125 0.29217877094972067 0.2234375 0.09050279329608939
13 0.79609375 0.48268156424581005 0.4078125 0.0335195530726257
8 0.1609375 0.5106145251396648 0.321875 0.0223463687150838
9 0.16953125 0.535754189944134 0.3390625 0.030167597765363128
12 0.16953125 0.7033519553072626 0.3390625 0.15754189944134078
10 0.16953125 0.8832402234636871 0.3390625 0.17318435754189945
5 0.53515625 0.5558659217877095 0.3921875 0.11284916201117319
4 0.4875 0.6888268156424581 0.296875 0.13072625698324022
13 0.45078125 0.8106145251396648 0.2234375 0.10614525139664804
7 0.41171875 0.9201117318435754 0.1453125 0.09944134078212291