5 0.3046875 0.11284916201117319 0.609375 0.22569832402234638
4 0.3046875 0.3513966480446927 0.609375 0.21787709497206703
13 0.31640625 0.5050279329608939 0.3359375 0.054748603351955305
5 0.44453125 0.7167597765363128 0.3296875 0.21564245810055865
10 0.44375 0.912290502793296 0.33125 0.15977653631284916
1 0.13203125 0.8893854748603351 0.2515625 0.2212290502793296
2 0.134375 0.7284916201117319 0.2453125 0.07597765363128492
7 0.18828125 0.641340782122905 0.1421875 0.06480446927374302
5 0.93359375 0.8078212290502793 0.1328125 0.25921787709497207
8 0.71796875 0.676536312849162 0.1296875 0.02011173184357542
3 0.7171875 0.7597765363128491 0.1546875 0.11396648044692738
12 0.728125 0.9128491620111732 0.2375 0.13854748603351955