6 0.1203125 0.8491620111731844 0.1859375 0.15195530726256984
7 0.1265625 0.6782122905027933 0.2 0.14078212290502792
13 0.1625 0.31787709497206706 0.2578125 0.2547486033519553
5 0.66640625 0.524022346368715 0.621875 0.535195530726257
4 0.48828125 0.8675977653631285 0.278125 0.09162011173184358
12 0.64921875 0.1223463687150838 0.596875 0.07597765363128492
0 0.15234375 0.5312849162011173 0.2484375 0.12513966480446928
11 0.15390625 0.0893854748603352 0.1828125 0.12849162011173185
8 0.4703125 0.04748603351955307 0.2421875 0.03240223463687151
3 0.63984375 0.20670391061452514 0.5703125 0.054748603351955305
9 0.40859375 0.07150837988826815 0.109375 0.024581005586592177