5 0.1796875 0.18156424581005587 0.359375 0.31843575418994413
4 0.1796875 0.4245810055865922 0.359375 0.13631284916201117
3 0.521875 0.012290502793296089 0.2625 0.024581005586592177
5 0.65078125 0.2240223463687151 0.528125 0.2558659217877095
4 0.60546875 0.42849162011173186 0.4265625 0.13072625698324022
13 0.565625 0.5134078212290503 0.359375 0.03240223463687151
8 0.5015625 0.5597765363128492 0.1375 0.027932960893854747
9 0.51484375 0.5832402234636872 0.16875 0.02011173184357542
12 0.6796875 0.6988826815642458 0.640625 0.05921787709497207
3 0.95703125 0.5972067039106145 0.0859375 0.12402234636871508
13 0.6796875 0.7860335195530727 0.640625 0.11508379888268157
5 0.6796875 0.9284916201117318 0.640625 0.1430167597765363
11 0.3859375 0.6044692737430167 0.053125 0.12290502793296089