5 0.1140625 0.1318435754189944 0.228125 0.2636871508379888
12 0.5109375 0.041340782122905026 0.403125 0.06927374301675977
5 0.5171875 0.20670391061452514 0.415625 0.24581005586592178
1 0.88515625 0.3039106145251397 0.2296875 0.05139664804469274
13 0.8875 0.20670391061452514 0.225 0.11396648044692738
4 0.88671875 0.07486033519553073 0.2265625 0.1318435754189944
8 0.12890625 0.5446927374301676 0.2578125 0.03240223463687151
9 0.103125 0.5782122905027933 0.20625 0.02569832402234637
6 0.13046875 0.9519553072625698 0.2609375 0.09608938547486033
7 0.1078125 0.8357541899441341 0.215625 0.11843575418994413
11 0.11328125 0.4251396648044693 0.2265625 0.19106145251396647
9 0.34453125 0.5307262569832403 0.0703125 0.0335195530726257
12 0.69921875 0.41899441340782123 0.6015625 0.11620111731843576
3 0.34140625 0.6279329608938548 0.0640625 0.14078212290502792
13 0.7 0.5541899441340782 0.6 0.12960893854748604
4 0.69765625 0.7273743016759776 0.6046875 0.15418994413407822
5 0.7 0.9128491620111732 0.6 0.17430167597765364