12 0.1796875 0.1564245810055866 0.359375 0.11620111731843576
11 0.296875 0.02905027932960894 0.125 0.05810055865921788
9 0.025 0.03910614525139665 0.05 0.024581005586592177
12 0.79609375 0.027932960893854747 0.4078125 0.055865921787709494
10 0.79765625 0.1972067039106145 0.4046875 0.16424581005586592
3 0.45 0.2122905027932961 0.18125 0.1340782122905028
11 0.4609375 0.0664804469273743 0.203125 0.1329608938547486
11 0.4625 0.0664804469273743 0.20625 0.1329608938547486
4 0.21640625 0.7832402234636872 0.2859375 0.18324022346368715
1 0.2140625 0.9407821229050279 0.290625 0.09832402234636871
5 0.21640625 0.47541899441340785 0.2859375 0.39217877094972065
5 0.77109375 0.7798882681564245 0.4578125 0.4402234636871508
6 0.42109375 0.8363128491620112 0.1234375 0.13519553072625698
8 0.38671875 0.45754189944134077 0.0546875 0.07932960893854749
4 0.78046875 0.43966480446927375 0.4390625 0.2245810055865922
11 0.38671875 0.34413407821229053 0.0546875 0.12960893854748604