8 0.021875 0.045251396648044694 0.04375 0.054748603351955305
12 0.446875 0.06927374301675977 0.24375 0.12290502793296089
5 0.378125 0.3245810055865922 0.38125 0.34972067039106147
4 0.3765625 0.5435754189944134 0.384375 0.05251396648044693
9 0.1234375 0.09217877094972067 0.246875 0.02569832402234637
13 0.08125 0.25139664804469275 0.1625 0.20558659217877095
7 0.03828125 0.39385474860335196 0.0765625 0.05921787709497207
6 0.07578125 0.5039106145251396 0.1515625 0.1318435754189944
4 0.7625 0.1458100558659218 0.3875 0.2916201117318436
13 0.75390625 0.40782122905027934 0.3703125 0.22569832402234638
5 0.771875 0.6972067039106146 0.40625 0.2547486033519553
4 0.77109375 0.9039106145251397 0.4046875 0.12290502793296089