12 0.2296875 0.22513966480446929 0.459375 0.027932960893854747
11 0.4359375 0.11396648044692738 0.046875 0.11396648044692738
8 0.1078125 0.09776536312849161 0.215625 0.08156424581005586
9 0.1140625 0.15195530726256984 0.228125 0.024581005586592177
4 0.70546875 0.10391061452513967 0.3234375 0.20782122905027933
7 0.48359375 0.04860335195530726 0.0484375 0.09720670391061452
6 0.48359375 0.1664804469273743 0.0484375 0.08491620111731843
13 0.36484375 0.5312849162011173 0.1890625 0.20446927374301677
11 0.11640625 0.34916201117318435 0.20625 0.1430167597765363
6 0.1125 0.5279329608938548 0.225 0.1888268156424581
5 0.1046875 0.8173184357541899 0.209375 0.3653631284916201
6 0.1109375 0.6324022346368715 0.2 0.03128491620111732
5 0.7296875 0.38212290502793295 0.540625 0.27262569832402234
4 0.7296875 0.7083798882681565 0.540625 0.30837988826815643
13 0.7296875 0.9491620111731843 0.540625 0.10167597765363129