8 0.25703125 0.0659217877094972 0.159375 0.021229050279329607
9 0.38125 0.08715083798882682 0.4078125 0.02011173184357542
12 0.3453125 0.19273743016759776 0.5484375 0.11396648044692738
5 0.34921875 0.42793296089385474 0.546875 0.31843575418994413
3 0.76640625 0.12402234636871508 0.2140625 0.14078212290502792
13 0.73515625 0.2748603351955307 0.15625 0.13519553072625698
7 0.73984375 0.42178770949720673 0.1609375 0.13966480446927373
1 0.765625 0.5424581005586592 0.2078125 0.08044692737430167
4 0.33984375 0.670949720670391 0.5328125 0.13631284916201117
2 0.3421875 0.8016759776536313 0.5484375 0.08044692737430167
11 0.121875 0.08770949720670392 0.0875 0.06368715083798883