8 0.05234375 0.2016759776536313 0.1046875 0.07932960893854749
9 0.04375 0.2569832402234637 0.0875 0.02011173184357542
12 0.53984375 0.20446927374301677 0.3390625 0.1653631284916201
3 0.540625 0.055865921787709494 0.3375 0.08715083798882682
5 0.3546875 0.4016759776536313 0.709375 0.2201117318435754
11 0.040625 0.08100558659217877 0.08125 0.12849162011173185
8 0.91796875 0.0111731843575419 0.1640625 0.0223463687150838
3 0.9140625 0.07653631284916201 0.1453125 0.08491620111731843
12 0.8546875 0.27541899441340784 0.290625 0.13519553072625698
5 0.8546875 0.44581005586592176 0.290625 0.1877094972067039
3 0.53984375 0.5983240223463687 0.2828125 0.11731843575418995
13 0.4609375 0.8178770949720671 0.4515625 0.2782122905027933
10 0.43203125 0.9888268156424581 0.3859375 0.0223463687150838
4 0.10703125 0.8128491620111732 0.2140625 0.26256983240223464
11 0.21171875 0.5932960893854748 0.1453125 0.10726256983240223
5 0.8546875 0.6748603351955307 0.290625 0.15195530726256984
4 0.8546875 0.8223463687150838 0.290625 0.10502793296089385
7 0.778125 0.9581005586592178 0.1375 0.08379888268156424