5 0.46484375 0.19608938547486032 0.1296875 0.39217877094972065
4 0.46484375 0.4949720670391061 0.1296875 0.18994413407821228
12 0.1890625 0.06983240223463687 0.303125 0.13966480446927373
3 0.14453125 0.2541899441340782 0.2046875 0.16983240223463686
13 0.2078125 0.4301675977653631 0.3390625 0.16312849162011173
6 0.19140625 0.5692737430167598 0.3640625 0.041340782122905026
9 0.59609375 0.004469273743016759 0.0765625 0.008938547486033519
12 0.80234375 0.08547486033519552 0.3953125 0.09050279329608939
3 0.81953125 0.005027932960893855 0.3609375 0.01005586592178771
3 0.55625 0.09497206703910614 0.053125 0.10502793296089385
5 0.8 0.3642458100558659 0.4 0.45139664804469276
13 0.56328125 0.25977653631284914 0.0671875 0.20446927374301677
5 0.32265625 0.729050279329609 0.4140625 0.23798882681564246
5 0.31953125 0.9223463687150838 0.4203125 0.1106145251396648