12 0.24375 0.05251396648044693 0.471875 0.10502793296089385
5 0.24453125 0.2670391061452514 0.4703125 0.27932960893854747
4 0.24375 0.4558659217877095 0.471875 0.0670391061452514
12 0.73984375 0.20335195530726258 0.5203125 0.0782122905027933
5 0.73984375 0.3776536312849162 0.5203125 0.22346368715083798
8 0.7203125 0.05865921787709497 0.48125 0.0659217877094972
3 0.7046875 0.12569832402234637 0.45 0.030167597765363128
4 0.1734375 0.517877094972067 0.290625 0.05698324022346369
5 0.171875 0.6692737430167598 0.296875 0.2
1 0.17421875 0.8139664804469273 0.2953125 0.08715083798882682
3 0.1625 0.9396648044692737 0.325 0.042458100558659215