12 0.08515625 0.10726256983240223 0.1703125 0.0893854748603352
1 0.0796875 0.2541899441340782 0.159375 0.09273743016759776
3 0.06796875 0.4111731843575419 0.1359375 0.10949720670391061
5 0.49296875 0.1793296089385475 0.4515625 0.2916201117318436
4 0.48359375 0.4653631284916201 0.4421875 0.1888268156424581
4 0.859375 0.12681564245810056 0.28125 0.10837988826815642
5 0.859375 0.25921787709497207 0.28125 0.11843575418994413
13 0.859375 0.4474860335195531 0.28125 0.2245810055865922
5 0.23125 0.7625698324022346 0.4625 0.23128491620111732
13 0.5984375 0.8910614525139665 0.171875 0.21787709497206703
4 0.23046875 0.9603351955307262 0.4609375 0.07932960893854749
3 0.60390625 0.6597765363128492 0.2046875 0.2
11 0.3875 0.593854748603352 0.1375 0.06815642458100558
12 0.146875 0.5860335195530726 0.29375 0.05251396648044693
5 0.88046875 0.8519553072625698 0.2390625 0.29608938547486036