3 0.07578125 0.01452513966480447 0.1515625 0.02905027932960894
12 0.06328125 0.1318435754189944 0.1265625 0.11620111731843576
5 0.290625 0.25865921787709495 0.25625 0.3653631284916201
13 0.2796875 0.4871508379888268 0.253125 0.06480446927374302
4 0.0640625 0.3195530726256983 0.128125 0.2212290502793296
7 0.04453125 0.4871508379888268 0.0890625 0.06480446927374302
11 0.3125 0.0223463687150838 0.20625 0.0446927374301676
8 0.78828125 0.031843575418994415 0.4234375 0.06368715083798883
4 0.79921875 0.2122905027932961 0.4015625 0.2212290502793296
5 0.80078125 0.42681564245810055 0.3984375 0.18547486033519553
13 0.48203125 0.4888268156424581 0.1265625 0.061452513966480445
7 0.48515625 0.3865921787709497 0.1328125 0.13854748603351955
3 0.47734375 0.2519553072625698 0.1171875 0.11508379888268157
11 0.48203125 0.0893854748603352 0.1265625 0.1787709497206704