8 0.3546875 0.02905027932960894 0.428125 0.0446927374301676
9 0.28046875 0.0782122905027933 0.278125 0.02011173184357542
12 0.04296875 0.2446927374301676 0.0859375 0.19664804469273742
13 0.4203125 0.2122905027932961 0.559375 0.1318435754189944
5 0.42265625 0.36983240223463687 0.5546875 0.11843575418994413
11 0.02734375 0.060335195530726256 0.0546875 0.12067039106145251
11 0.034375 0.055865921787709494 0.06875 0.11173184357541899
13 0.7671875 0.5424581005586592 0.134375 0.05921787709497207
5 0.928125 0.6692737430167598 0.14375 0.25251396648044694
3 0.70859375 0.882122905027933 0.0171875 0.0659217877094972
3 0.946875 0.8804469273743016 0.10625 0.053631284916201116
4 0.76328125 0.6932960893854748 0.1265625 0.2