5 0.49921875 0.34972067039106147 0.8734375 0.12737430167597766
4 0.49765625 0.48268156424581005 0.8765625 0.09720670391061452
12 0.48984375 0.21620111731843575 0.8953125 0.07262569832402235
8 0.165625 0.08715083798882682 0.215625 0.030167597765363128
11 0.88984375 0.08100558659217877 0.103125 0.09944134078212291
0 0.49765625 0.7748603351955308 0.8875 0.05027932960893855
3 0.66640625 0.09050279329608939 0.3375 0.04692737430167598
13 0.1484375 0.6061452513966481 0.178125 0.07150837988826815
1 0.4390625 0.8631284916201117 0.775 0.030167597765363128
7 0.375 0.5960893854748603 0.1390625 0.06368715083798883
6 0.734375 0.6050279329608939 0.3921875 0.08491620111731843
10 0.490625 0.7022346368715083 0.89375 0.06815642458100558