4 0.26484375 0.11564245810055866 0.3703125 0.20893854748603352
7 0.025 0.3541899441340782 0.05 0.10949720670391061
5 0.2640625 0.3553072625698324 0.371875 0.10726256983240223
8 0.02578125 0.09888268156424582 0.0515625 0.027932960893854747
4 0.8625 0.253072625698324 0.234375 0.09162011173184358
5 0.5859375 0.2 0.271875 0.4
13 0.8625 0.09553072625698324 0.25625 0.19106145251396647
6 0.859375 0.3625698324022346 0.234375 0.09273743016759776
12 0.225 0.45363128491620114 0.45 0.04692737430167598
3 0.225 0.5379888268156424 0.45 0.08156424581005586
13 0.334375 0.6631284916201118 0.23125 0.15307262569832403
13 0.340625 0.8430167597765363 0.21875 0.17318435754189945
1 0.33515625 0.9698324022346368 0.2296875 0.060335195530726256
4 0.06484375 0.6636871508379888 0.1296875 0.15195530726256984
10 0.0859375 0.876536312849162 0.171875 0.23798882681564246
9 0.225 0.4212290502793296 0.45 0.024581005586592177