12 0.36328125 0.10279329608938548 0.2515625 0.20558659217877095
3 0.3515625 0.31787709497206706 0.228125 0.21452513966480447
6 0.309375 0.4776536312849162 0.13125 0.08379888268156424
4 0.0765625 0.4346368715083799 0.153125 0.16983240223463686
4 0.92265625 0.3139664804469274 0.1546875 0.2681564245810056
3 0.58984375 0.21508379888268156 0.1796875 0.10391061452513967
13 0.64296875 0.3815642458100559 0.2859375 0.10837988826815642
6 0.6515625 0.054748603351955305 0.303125 0.0893854748603352
5 0.3109375 0.758659217877095 0.378125 0.39553072625698327
13 0.75 0.7759776536312849 0.5 0.4480446927374302
9 0.7875 0.529608938547486 0.425 0.02011173184357542