8 0.67578125 0.06089385474860335 0.3546875 0.03798882681564246
9 0.67734375 0.1011173184357542 0.275 0.0223463687150838
12 0.17890625 0.3268156424581006 0.2890625 0.18212290502793296
4 0.5734375 0.23743016759776536 0.371875 0.13631284916201117
5 0.66875 0.6050279329608939 0.5609375 0.5642458100558659
7 0.67890625 0.9363128491620112 0.584375 0.07262569832402235
3 0.1796875 0.49664804469273743 0.309375 0.10949720670391061
13 0.1296875 0.6486033519553073 0.2015625 0.13519553072625698
13 0.1640625 0.7994413407821229 0.2625 0.10167597765363129
6 0.1765625 0.9256983240223464 0.284375 0.08603351955307263
11 0.18515625 0.12290502793296089 0.2625 0.19106145251396647