8 0.1 0.13016759776536313 0.2 0.030167597765363128
9 0.10625 0.1653631284916201 0.2125 0.017877094972067038
12 0.09765625 0.4346368715083799 0.1953125 0.21452513966480447
5 0.509375 0.1787709497206704 0.28125 0.2837988826815642
13 0.50625 0.41564245810055866 0.2875 0.15195530726256984
7 0.45234375 0.5670391061452514 0.1703125 0.10391061452513967
11 0.0453125 0.0335195530726257 0.090625 0.0670391061452514
5 0.91875 0.2245810055865922 0.1625 0.3106145251396648
4 0.91953125 0.4335195530726257 0.1609375 0.0782122905027933
1 0.91953125 0.5452513966480447 0.1609375 0.14748603351955308
3 0.72109375 0.12402234636871508 0.1421875 0.09832402234636871
13 0.72265625 0.27206703910614527 0.1453125 0.1463687150837989
13 0.7203125 0.5636871508379888 0.140625 0.1106145251396648
7 0.7171875 0.41899441340782123 0.134375 0.10949720670391061
11 0.69296875 0.022905027932960894 0.0859375 0.04581005586592179
9 0.7890625 0.6268156424581005 0.278125 0.01564245810055866
11 0.825 0.7949720670391062 0.35 0.3139664804469274