8 0.296875 0.043016759776536316 0.265625 0.05027932960893855
9 0.17109375 0.09217877094972067 0.0703125 0.02346368715083799
12 0.27421875 0.23687150837988827 0.3109375 0.16759776536312848
3 0.0484375 0.30502793296089387 0.096875 0.3128491620111732
13 0.05625 0.6078212290502794 0.1125 0.2435754189944134
5 0.2734375 0.5340782122905028 0.3125 0.39106145251396646
3 0.32109375 0.09385474860335195 0.2171875 0.026815642458100558
5 0.19296875 0.8698324022346369 0.3859375 0.17318435754189945
13 0.203125 0.9849162011173185 0.40625 0.030167597765363128
12 0.71484375 0.7541899441340782 0.5703125 0.049162011173184354
5 0.71484375 0.8955307262569833 0.5703125 0.20893854748603352