8 0.378125 0.20335195530726258 0.2921875 0.05139664804469274
9 0.23828125 0.2519553072625698 0.0703125 0.02346368715083799
12 0.4375 0.39664804469273746 0.503125 0.16759776536312848
3 0.08203125 0.4340782122905028 0.1640625 0.25139664804469275
3 0.41796875 0.2541899441340782 0.275 0.027932960893854747
11 0.38046875 0.09664804469273743 0.103125 0.11731843575418995
9 0.8203125 0.07877094972067039 0.2625 0.1106145251396648
1 0.82109375 0.23910614525139665 0.2640625 0.12737430167597766
8 0.18046875 0.587709497206704 0.340625 0.03240223463687151
12 0.34609375 0.7284916201117319 0.6859375 0.04022346368715084
9 0.1046875 0.6201117318435754 0.2015625 0.0223463687150838
3 0.2984375 0.6631284916201118 0.5859375 0.041340782122905026
5 0.34765625 0.8770949720670391 0.6828125 0.24581005586592178