8 0.08984375 0.03240223463687151 0.1796875 0.06480446927374302
3 0.10078125 0.15027932960893856 0.2015625 0.08826815642458101
12 0.3328125 0.22905027932960895 0.1125 0.09832402234636871
4 0.1671875 0.32849162011173183 0.334375 0.14748603351955308
5 0.1578125 0.4871508379888268 0.315625 0.1452513966480447
12 0.69453125 0.09273743016759776 0.6109375 0.0893854748603352
3 0.71953125 0.021787709497206705 0.3328125 0.04357541899441341
4 0.69453125 0.19608938547486032 0.6109375 0.08156424581005586
5 0.68046875 0.3418994413407821 0.5828125 0.13854748603351955
1 0.68671875 0.5005586592178771 0.5953125 0.11843575418994413
11 0.4484375 0.024022346368715083 0.11875 0.048044692737430165
5 0.1609375 0.6508379888268156 0.321875 0.18212290502793296
7 0.0546875 0.7988826815642458 0.109375 0.08491620111731843
6 0.1109375 0.8966480446927374 0.221875 0.07262569832402235
4 0.9046875 0.6843575418994413 0.190625 0.24916201117318434
6 0.9078125 0.8860335195530726 0.184375 0.04692737430167598
9 0.69296875 0.5787709497206703 0.1734375 0.03798882681564246
13 0.68203125 0.7687150837988826 0.1375 0.28938547486033517