3 0.196875 0.48156424581005586 0.3625 0.19106145251396647
12 0.17734375 0.3167597765363129 0.3296875 0.12960893854748604
13 0.1859375 0.8134078212290503 0.34375 0.23016759776536314
11 0.18828125 0.1005586592178771 0.29375 0.2011173184357542
7 0.18515625 0.641340782122905 0.3453125 0.09832402234636871
5 0.66484375 0.9173184357541899 0.5484375 0.16312849162011173
1 0.6875 0.6793296089385474 0.625 0.28156424581005585
8 0.66171875 0.037430167597765365 0.4671875 0.04692737430167598
4 0.678125 0.3195530726256983 0.5640625 0.4201117318435754
9 0.66171875 0.08212290502793296 0.4578125 0.0335195530726257
13 0.32109375 0.9670391061452513 0.1046875 0.06480446927374302