12 0.1 0.049720670391061456 0.2 0.08379888268156424
5 0.1 0.23184357541899442 0.2 0.2558659217877095
5 0.7421875 0.1223463687150838 0.515625 0.2446927374301676
3 0.31640625 0.14972067039106146 0.2328125 0.13631284916201117
4 0.74296875 0.2849162011173184 0.5140625 0.08491620111731843
5 0.1 0.6893854748603352 0.2 0.42905027932960893
4 0.08984375 0.41787709497206704 0.1796875 0.11620111731843576
13 0.89765625 0.49553072625698324 0.2046875 0.27150837988826815
4 0.46484375 0.388268156424581 0.5296875 0.05698324022346369
7 0.89296875 0.6955307262569832 0.2140625 0.12625698324022347
3 0.88984375 0.9418994413407821 0.2015625 0.054748603351955305
5 0.45625 0.49273743016759775 0.5125 0.11396648044692738
1 0.88671875 0.8 0.1953125 0.05810055865921788
6 0.8953125 0.8731843575418995 0.209375 0.054748603351955305
2 0.39921875 0.8307262569832402 0.3984375 0.2581005586592179
10 0.44296875 0.6201117318435754 0.4859375 0.13854748603351955
0 0.43671875 0.9877094972067039 0.4734375 0.024581005586592177