7 0.26328125 0.08770949720670392 0.2515625 0.17541899441340783
13 0.69453125 0.0659217877094972 0.6109375 0.1318435754189944
0 0.69453125 0.1793296089385475 0.6109375 0.07932960893854749
12 0.21015625 0.2558659217877095 0.3578125 0.07374301675977654
10 0.19453125 0.8748603351955307 0.3890625 0.25027932960893856
5 0.19453125 0.6005586592178771 0.3890625 0.2223463687150838
4 0.19453125 0.3972067039106145 0.3890625 0.13966480446927373
3 0.5125 0.23966480446927374 0.246875 0.02346368715083799
12 0.65078125 0.37597765363128494 0.5234375 0.07486033519553073
5 0.671875 0.7139664804469273 0.565625 0.32625698324022345
11 0.87890625 0.27318435754189946 0.1984375 0.10837988826815642