5 0.209375 0.4782122905027933 0.41875 0.20335195530726258
8 0.04765625 0.07206703910614524 0.0953125 0.01452513966480447
3 0.13984375 0.1122905027932961 0.2796875 0.07039106145251396
13 0.209375 0.2631284916201117 0.41875 0.19553072625698323
9 0.18125 0.028491620111731845 0.2546875 0.021229050279329607
12 0.6390625 0.018435754189944135 0.275 0.024581005586592177
12 0.634375 0.12513966480446928 0.2890625 0.07709497206703911
4 0.64140625 0.3078212290502793 0.290625 0.26033519553072626
13 0.63203125 0.511731843575419 0.2671875 0.13631284916201117
5 0.209375 0.6301675977653631 0.41875 0.1005586592178771
7 0.209375 0.729608938547486 0.41875 0.06480446927374302
2 0.209375 0.864804469273743 0.41875 0.17653631284916202
3 0.59375 0.6441340782122905 0.2234375 0.1217877094972067
5 0.73046875 0.9139664804469274 0.5390625 0.17206703910614526
8 0.59296875 0.5837988826815642 0.2328125 0.00782122905027933
12 0.73671875 0.788268156424581 0.5265625 0.05698324022346369
9 0.84140625 0.587709497206704 0.2453125 0.01564245810055866