4 0.23515625 0.07318435754189945 0.2765625 0.1463687150837989
5 0.53671875 0.1430167597765363 0.3046875 0.2860335195530726
7 0.29453125 0.22346368715083798 0.165625 0.10167597765363129
13 0.528125 0.3636871508379888 0.284375 0.10837988826815642
6 0.2921875 0.34022346368715084 0.1625 0.09050279329608939
4 0.88984375 0.1547486033519553 0.2203125 0.18659217877094972
5 0.890625 0.38491620111731845 0.21875 0.24916201117318434
8 0.51875 0.523463687150838 0.303125 0.027932960893854747
3 0.57421875 0.5692737430167598 0.2015625 0.05027932960893855
12 0.33671875 0.6564245810055865 0.6734375 0.10391061452513967
13 0.21328125 0.8027932960893854 0.4265625 0.17094972067039105
5 0.3328125 0.9564245810055866 0.665625 0.08715083798882682
3 0.76484375 0.5480446927374302 0.1515625 0.02346368715083799
12 0.84453125 0.6843575418994413 0.3109375 0.07486033519553073
5 0.84453125 0.929608938547486 0.3109375 0.14078212290502792