5 0.06328125 0.39273743016759777 0.1265625 0.38324022346368714
3 0.21875 0.13519553072625698 0.0625 0.27039106145251396
13 0.2203125 0.42960893854748605 0.059375 0.2335195530726257
5 0.6421875 0.20949720670391062 0.6390625 0.3877094972067039
4 0.27421875 0.3877094972067039 0.0484375 0.2100558659217877
13 0.27265625 0.15977653631284916 0.0453125 0.2324022346368715
12 0.125 0.6245810055865921 0.25 0.049162011173184354
3 0.125 0.7245810055865922 0.25 0.09273743016759776
4 0.125 0.9346368715083799 0.25 0.13072625698324022
5 0.62109375 0.693854748603352 0.7421875 0.1877094972067039
4 0.61953125 0.870391061452514 0.7390625 0.14078212290502792
13 0.6109375 0.9782122905027933 0.721875 0.04357541899441341