4 0.2640625 0.30726256983240224 0.41875 0.26145251396648045
13 0.71796875 0.2335195530726257 0.4015625 0.11508379888268157
3 0.80625 0.07541899441340782 0.309375 0.12067039106145251
11 0.4984375 0.08379888268156424 0.1625 0.11843575418994413
12 0.22421875 0.12513966480446928 0.3203125 0.05698324022346369
7 0.73046875 0.7385474860335196 0.4234375 0.09944134078212291
8 0.16015625 0.04189944134078212 0.209375 0.030167597765363128
6 0.71953125 0.8731843575418995 0.3828125 0.11173184357541899
9 0.17109375 0.07039106145251396 0.2140625 0.034636871508379886
13 0.6625 0.43072625698324024 0.2625 0.21787709497206703
5 0.27265625 0.6804469273743017 0.421875 0.43575418994413406
2 0.71640625 0.623463687150838 0.3828125 0.10726256983240223