5 0.62421875 0.5525139664804469 0.5578125 0.2424581005586592
4 0.640625 0.7603351955307263 0.575 0.1463687150837989
12 0.64140625 0.3435754189944134 0.534375 0.09050279329608939
8 0.5453125 0.21564245810055865 0.375 0.0782122905027933
6 0.11640625 0.8279329608938547 0.1515625 0.1776536312849162
9 0.56796875 0.27150837988826815 0.4046875 0.027932960893854747
7 0.12578125 0.6837988826815642 0.1703125 0.08715083798882682
3 0.1375 0.9575418994413408 0.215625 0.08379888268156424
13 0.1703125 0.4541899441340782 0.2640625 0.36089385474860336
1 0.51015625 0.9184357541899442 0.321875 0.08715083798882682
11 0.1390625 0.1893854748603352 0.2421875 0.17318435754189945