4 0.6609375 0.23687150837988827 0.628125 0.16089385474860335
5 0.640625 0.6508379888268156 0.5875 0.5083798882681564
1 0.62734375 0.36033519553072624 0.5609375 0.08044692737430167
3 0.13828125 0.07430167597765364 0.1984375 0.07039106145251396
13 0.1484375 0.31843575418994413 0.221875 0.09050279329608939
6 0.14609375 0.4324022346368715 0.221875 0.1217877094972067
13 0.1484375 0.15027932960893856 0.225 0.0670391061452514
8 0.52734375 0.04692737430167598 0.3484375 0.02905027932960894
12 0.62421875 0.11955307262569832 0.5546875 0.048044692737430165
7 0.14375 0.2245810055865922 0.2171875 0.07486033519553073
9 0.53046875 0.07932960893854749 0.3703125 0.024581005586592177