3 0.03671875 0.10279329608938548 0.0734375 0.12290502793296089
4 0.38359375 0.1005586592178771 0.4515625 0.2011173184357542
12 0.03046875 0.323463687150838 0.0609375 0.2536312849162011
13 0.3609375 0.5446927374301676 0.29375 0.16871508379888267
5 0.38828125 0.2631284916201117 0.4421875 0.1217877094972067
10 0.39296875 0.394413407821229 0.4328125 0.11620111731843576
7 0.184375 0.882122905027933 0.359375 0.12290502793296089
13 0.18515625 0.7653631284916201 0.35 0.1217877094972067
4 0.496875 0.88268156424581 0.225 0.2346368715083799
6 0.1921875 0.9770949720670391 0.3625 0.04581005586592179
1 0.1515625 0.6603351955307263 0.284375 0.06256983240223464