3 0.14609375 0.2217877094972067 0.2609375 0.12290502793296089
11 0.11953125 0.07877094972067039 0.2265625 0.15754189944134078
4 0.45 0.211731843575419 0.178125 0.21564245810055865
8 0.45 0.03407821229050279 0.178125 0.06815642458100558
12 0.13515625 0.4424581005586592 0.2578125 0.2536312849162011
9 0.4515625 0.08379888268156424 0.175 0.02905027932960894
13 0.08359375 0.617877094972067 0.1453125 0.042458100558659215
5 0.4546875 0.3815642458100559 0.16875 0.1217877094972067
10 0.459375 0.5128491620111731 0.159375 0.11620111731843576
10 0.2890625 0.729050279329609 0.5 0.16424581005586592
2 0.2875 0.8541899441340782 0.503125 0.04581005586592179