12 0.2296875 0.15083798882681565 0.459375 0.08268156424581005
4 0.1375 0.28044692737430166 0.275 0.15865921787709497
11 0.41171875 0.05195530726256983 0.0953125 0.10391061452513967
12 0.54296875 0.08547486033519552 0.1671875 0.10614525139664804
5 0.84921875 0.15363128491620112 0.3015625 0.24022346368715083
1 0.546875 0.22681564245810057 0.175 0.11396648044692738
12 0.0875 0.4100558659217877 0.175 0.060335195530726256
4 0.34453125 0.576536312849162 0.2296875 0.16759776536312848
13 0.3453125 0.770949720670391 0.228125 0.18100558659217877
6 0.34609375 0.9201117318435754 0.2265625 0.061452513966480445
7 0.06796875 0.917877094972067 0.1359375 0.054748603351955305
3 0.06171875 0.5653631284916201 0.1234375 0.16312849162011173