3 0.2109375 0.13966480446927373 0.29375 0.27932960893854747
5 0.48984375 0.09273743016759776 0.2203125 0.11620111731843576
4 0.48828125 0.22513966480446929 0.2234375 0.10837988826815642
8 0.64609375 0.45139664804469276 0.0921875 0.02905027932960894
9 0.63828125 0.47541899441340785 0.0765625 0.02346368715083799
12 0.65546875 0.5553072625698324 0.1109375 0.10502793296089385
3 0.62734375 0.6927374301675978 0.0546875 0.14078212290502792
13 0.66171875 0.8446927374301676 0.1234375 0.1318435754189944
4 0.86640625 0.38994413407821227 0.2109375 0.2212290502793296
5 0.86875 0.6379888268156425 0.2078125 0.2435754189944134
1 0.86796875 0.8899441340782123 0.2078125 0.2201117318435754
11 0.6515625 0.3458100558659218 0.103125 0.1329608938547486