4 0.17421875 0.07541899441340782 0.3484375 0.15083798882681565
6 0.42890625 0.4664804469273743 0.0796875 0.12849162011173185
7 0.42421875 0.11899441340782123 0.0890625 0.19776536312849163
5 0.0921875 0.2553072625698324 0.184375 0.18435754189944134
13 0.0359375 0.45027932960893857 0.071875 0.1787709497206704
6 0.4296875 0.3027932960893855 0.078125 0.16983240223463686
4 0.721875 0.11843575418994413 0.50625 0.19217877094972066
5 0.69453125 0.39329608938547483 0.4515625 0.2212290502793296
5 0.25 0.5910614525139665 0.4375 0.10279329608938548
4 0.24765625 0.6921787709497207 0.4421875 0.09720670391061452
7 0.1453125 0.7927374301675978 0.228125 0.0782122905027933
13 0.25 0.9173184357541899 0.4375 0.1653631284916201