3 0.09609375 0.06480446927374302 0.1921875 0.026815642458100558
4 0.11484375 0.22681564245810057 0.2296875 0.19217877094972066
4 0.6609375 0.08994413407821229 0.29375 0.17988826815642459
5 0.6671875 0.2860335195530726 0.3 0.16759776536312848
13 0.36328125 0.030726256983240222 0.2484375 0.061452513966480445
13 0.36640625 0.19664804469273742 0.2546875 0.15307262569832403
7 0.359375 0.3486033519553073 0.246875 0.042458100558659215
1 0.11484375 0.6675977653631285 0.2296875 0.2111731843575419
4 0.11484375 0.45865921787709496 0.2296875 0.1776536312849162
10 0.11484375 0.8759776536312849 0.2296875 0.16089385474860335
4 0.4609375 0.6368715083798883 0.396875 0.2022346368715084
13 0.84453125 0.6184357541899441 0.3109375 0.15754189944134078
6 0.84453125 0.770949720670391 0.3109375 0.14078212290502792
8 0.68359375 0.4011173184357542 0.325 0.03240223463687151
3 0.6578125 0.4642458100558659 0.684375 0.027932960893854747
5 0.84609375 0.9245810055865922 0.3078125 0.15083798882681565
1 0.4640625 0.841340782122905 0.409375 0.18659217877094972
10 0.46484375 0.9737430167597766 0.4046875 0.05251396648044693
9 0.671875 0.435195530726257 0.2359375 0.0335195530726257