4 0.35546875 0.293854748603352 0.590625 0.2435754189944134
6 0.80546875 0.7318435754189944 0.2296875 0.12849162011173185
3 0.7828125 0.10837988826815642 0.171875 0.11396648044692738
7 0.7796875 0.3843575418994413 0.196875 0.19776536312849163
12 0.31953125 0.12458100558659217 0.5078125 0.05921787709497207
5 0.2734375 0.5201117318435754 0.4265625 0.18435754189944134
9 0.23515625 0.08659217877094973 0.35 0.02346368715083799
13 0.21796875 0.7195530726256983 0.3109375 0.18659217877094972
8 0.134375 0.060335195530726256 0.1453125 0.02346368715083799
6 0.815625 0.5675977653631284 0.246875 0.16983240223463686
10 0.78359375 0.22346368715083798 0.196875 0.09385474860335195