3 0.05625 0.21340782122905028 0.1125 0.0782122905027933
5 0.2046875 0.4430167597765363 0.409375 0.2335195530726257
4 0.2046875 0.6424581005586593 0.409375 0.07374301675977654
8 0.90546875 0.19497206703910613 0.1890625 0.02346368715083799
9 0.91484375 0.21620111731843575 0.1703125 0.01675977653631285
4 0.8421875 0.4072625698324022 0.315625 0.1888268156424581
5 0.80390625 0.6201117318435754 0.3921875 0.11843575418994413
3 0.5265625 0.0776536312849162 0.1703125 0.03687150837988827
12 0.45390625 0.23798882681564246 0.0890625 0.21675977653631284
7 0.490625 0.4100558659217877 0.1625 0.07150837988826815
13 0.4546875 0.5748603351955307 0.090625 0.18435754189944134
11 0.6359375 0.20614525139664805 0.23125 0.16201117318435754
8 0.43359375 0.8754189944134079 0.0484375 0.07262569832402235
4 0.79296875 0.846927374301676 0.4140625 0.22346368715083798
12 0.79375 0.7039106145251397 0.4125 0.049162011173184354
11 0.45546875 0.7458100558659218 0.0921875 0.1329608938547486