8 0.25390625 0.09888268156424582 0.2 0.08156424581005586
9 0.21875 0.1564245810055866 0.13125 0.026815642458100558
12 0.290625 0.2737430167597765 0.303125 0.1329608938547486
5 0.29140625 0.4553072625698324 0.2765625 0.16871508379888267
4 0.04375 0.3486033519553073 0.0875 0.2435754189944134
11 0.04375 0.1122905027932961 0.0875 0.1217877094972067
5 0.81171875 0.2698324022346369 0.3765625 0.5396648044692738
3 0.53359375 0.4519553072625698 0.1078125 0.17541899441340783
8 0.540625 0.19329608938547485 0.121875 0.08268156424581005
11 0.5078125 0.07206703910614524 0.05625 0.1441340782122905
9 0.54375 0.2670391061452514 0.128125 0.04022346368715084
9 0.5484375 0.30614525139664805 0.1375 0.026815642458100558
13 0.9390625 0.6748603351955307 0.121875 0.17430167597765364
7 0.93984375 0.8614525139664805 0.1203125 0.13631284916201117
4 0.67890625 0.6229050279329609 0.2359375 0.1664804469273743
5 0.67890625 0.8318435754189945 0.228125 0.1877094972067039