12 0.4390625 0.054748603351955305 0.259375 0.10949720670391061
1 0.43984375 0.2111731843575419 0.2578125 0.17653631284916202
4 0.440625 0.38994413407821227 0.25625 0.15865921787709497
3 0.078125 0.07597765363128492 0.15625 0.15195530726256984
7 0.10859375 0.2430167597765363 0.2171875 0.12625698324022347
13 0.10703125 0.39664804469273746 0.2140625 0.1452513966480447
5 0.784375 0.18379888268156425 0.43125 0.3675977653631285
4 0.784375 0.42569832402234636 0.43125 0.08715083798882682
12 0.42578125 0.5279329608938548 0.2859375 0.08826815642458101
4 0.4265625 0.6731843575418994 0.284375 0.18435754189944134
5 0.4265625 0.8955307262569833 0.284375 0.20893854748603352
13 0.09375 0.8899441340782123 0.1875 0.2201117318435754
3 0.10859375 0.6776536312849162 0.2171875 0.16424581005586592
11 0.08359375 0.5050279329608939 0.1671875 0.07150837988826815
2 0.784375 0.5212290502793296 0.43125 0.10391061452513967
5 0.784375 0.6703910614525139 0.43125 0.1430167597765363
2 0.784375 0.846927374301676 0.43125 0.17430167597765364