12 0.51328125 0.08770949720670392 0.2109375 0.17541899441340783
4 0.51328125 0.34022346368715084 0.2109375 0.2536312849162011
6 0.51640625 0.5441340782122905 0.2046875 0.04692737430167598
9 0.2921875 0.18659217877094972 0.1734375 0.14078212290502792
13 0.28046875 0.42681564245810055 0.1390625 0.288268156424581
11 0.2859375 0.04636871508379888 0.1375 0.09273743016759776
12 0.84921875 0.054748603351955305 0.3015625 0.10949720670391061
5 0.84921875 0.33519553072625696 0.3015625 0.4022346368715084
7 0.84921875 0.5893854748603352 0.3015625 0.05921787709497207
13 0.81953125 0.7005586592178771 0.3609375 0.14748603351955308
10 0.8203125 0.9027932960893855 0.359375 0.19441340782122904