12 0.2625 0.04357541899441341 0.49375 0.08715083798882682
5 0.26484375 0.33854748603351953 0.4890625 0.4022346368715084
12 0.7875 0.21340782122905028 0.425 0.40893854748603353
4 0.74296875 0.5067039106145251 0.3390625 0.0659217877094972
5 0.346875 0.6553072625698324 0.325 0.23128491620111732
13 0.34921875 0.88268156424581 0.3203125 0.12513966480446928
12 0.040625 0.6782122905027933 0.08125 0.19664804469273742
4 0.0359375 0.9067039106145252 0.071875 0.18659217877094972
3 0.9375 0.6346368715083799 0.125 0.18994413407821228
5 0.67265625 0.7698324022346369 0.3265625 0.46033519553072627
13 0.9375 0.8301675977653631 0.125 0.17206703910614526
6 0.93984375 0.964245810055866 0.1203125 0.07150837988826815