4 0.2546875 0.05027932960893855 0.509375 0.09162011173184358
5 0.2546875 0.18268156424581006 0.509375 0.15977653631284916
7 0.2546875 0.29832402234636873 0.509375 0.060335195530726256
13 0.19921875 0.38268156424581007 0.3984375 0.08156424581005586
9 0.2546875 0.5256983240223464 0.509375 0.09273743016759776
12 0.37734375 0.7698324022346369 0.2640625 0.12960893854748604
4 0.41875 0.9145251396648044 0.18125 0.17094972067039105
13 0.16640625 0.9782122905027933 0.3328125 0.04357541899441341
3 0.16328125 0.8581005586592179 0.3265625 0.19217877094972066
9 0.375 0.6826815642458101 0.26875 0.026815642458100558
11 0.12421875 0.7150837988826816 0.2234375 0.09162011173184358