3 0.13828125 0.04692737430167598 0.2765625 0.09385474860335195
12 0.29453125 0.18994413407821228 0.5890625 0.024581005586592177
4 0.29453125 0.2558659217877095 0.5890625 0.09162011173184358
5 0.29453125 0.388268156424581 0.5890625 0.15977653631284916
7 0.29453125 0.5039106145251396 0.5890625 0.060335195530726256
13 0.21953125 0.588268156424581 0.4390625 0.08156424581005586
9 0.29453125 0.7022346368715083 0.5890625 0.034636871508379886
12 0.8125 0.06927374301675977 0.375 0.10726256983240223
5 0.8125 0.36983240223463687 0.375 0.4223463687150838
4 0.81171875 0.6631284916201118 0.3765625 0.11284916201117319
5 0.93203125 0.829050279329609 0.1359375 0.21899441340782122
6 0.7109375 0.9262569832402234 0.24375 0.14748603351955308
13 0.69140625 0.7815642458100559 0.2046875 0.12402234636871508