4 0.33984375 0.4111731843575419 0.5984375 0.15754189944134078
13 0.83671875 0.4620111731843575 0.2640625 0.3463687150837989
6 0.8 0.8653631284916201 0.203125 0.10279329608938548
11 0.10546875 0.07374301675977654 0.2109375 0.14748603351955308
12 0.30703125 0.2340782122905028 0.5515625 0.12402234636871508
7 0.83203125 0.729050279329609 0.2671875 0.10502793296089385
5 0.33515625 0.7178770949720671 0.6078125 0.4011173184357542
8 0.45234375 0.044134078212290505 0.4078125 0.035754189944134075
3 0.55 0.12067039106145251 0.625 0.024581005586592177
9 0.52109375 0.08044692737430167 0.5390625 0.021229050279329607
3 0.78125 0.21787709497206703 0.1640625 0.08603351955307263