12 0.0953125 0.030167597765363128 0.190625 0.060335195530726256
3 0.30625 0.06480446927374302 0.20625 0.12960893854748604
5 0.14921875 0.28212290502793297 0.2984375 0.26927374301675977
7 0.31484375 0.4798882681564246 0.1890625 0.03910614525139665
12 0.925 0.021787709497206705 0.15 0.04357541899441341
4 0.921875 0.1418994413407821 0.15625 0.14078212290502792
5 0.921875 0.31899441340782125 0.15625 0.17541899441340783
1 0.92109375 0.46145251396648046 0.1578125 0.07597765363128492
3 0.73359375 0.1100558659217877 0.134375 0.15307262569832403
13 0.72578125 0.30726256983240224 0.1171875 0.17430167597765364
7 0.7234375 0.46033519553072627 0.1203125 0.0670391061452514
5 0.22421875 0.7379888268156425 0.3703125 0.36983240223463687
6 0.22578125 0.970391061452514 0.3671875 0.05921787709497207
5 0.68359375 0.7335195530726257 0.5484375 0.4681564245810056