3 0.23203125 0.02905027932960894 0.4640625 0.05810055865921788
12 0.115625 0.13519553072625698 0.23125 0.024581005586592177
5 0.203125 0.3463687150837989 0.40625 0.27039106145251396
4 0.17578125 0.5916201117318436 0.3515625 0.08826815642458101
8 0.70859375 0.1005586592178771 0.1984375 0.02905027932960894
9 0.64140625 0.12513966480446928 0.0640625 0.02011173184357542
12 0.71875 0.23519553072625698 0.21875 0.048044692737430165
3 0.93984375 0.164804469273743 0.1203125 0.04581005586592179
5 0.92734375 0.46368715083798884 0.1453125 0.33743016759776534
4 0.7125 0.3614525139664804 0.20625 0.15083798882681565
13 0.7109375 0.5229050279329609 0.203125 0.12513966480446928
6 0.7578125 0.6480446927374302 0.1234375 0.08715083798882682
5 0.52890625 0.8139664804469273 0.1609375 0.1888268156424581
3 0.26796875 0.9810055865921787 0.0828125 0.03798882681564246
3 0.54765625 0.9832402234636871 0.1234375 0.0335195530726257
4 0.28359375 0.8128491620111732 0.2703125 0.18659217877094972
5 0.8046875 0.8597765363128491 0.390625 0.28044692737430166