1 0.19296875 0.060335195530726256 0.3328125 0.11173184357541899
13 0.19375 0.1458100558659218 0.33125 0.054748603351955305
7 0.2859375 0.13966480446927373 0.146875 0.0111731843575419
6 0.1953125 0.19553072625698323 0.328125 0.035754189944134075
12 0.1953125 0.2541899441340782 0.328125 0.061452513966480445
5 0.50234375 0.15977653631284916 0.2859375 0.3195530726256983
1 0.834375 0.016201117318435754 0.33125 0.03240223463687151
13 0.834375 0.12402234636871508 0.33125 0.14748603351955308
6 0.834375 0.26536312849162014 0.33125 0.10837988826815642
12 0.1796875 0.6217877094972067 0.359375 0.15977653631284916
4 0.12734375 0.8279329608938547 0.2546875 0.1787709497206704
13 0.671875 0.870391061452514 0.625 0.12737430167597766
5 0.6796875 0.535195530726257 0.640625 0.3463687150837989
12 0.6796875 0.3324022346368715 0.640625 0.02569832402234637
7 0.6796875 0.9787709497206704 0.640625 0.042458100558659215
4 0.6796875 0.7603351955307263 0.640625 0.07486033519553073