12 0.1234375 0.041340782122905026 0.246875 0.024581005586592177
5 0.2109375 0.25251396648044694 0.421875 0.27039106145251396
5 0.734375 0.24581005586592178 0.53125 0.40670391061452515
5 0.4140625 0.759217877094972 0.109375 0.48156424581005586
1 0.1640625 0.7821229050279329 0.328125 0.15865921787709497
4 0.159375 0.6044692737430167 0.31875 0.1787709497206704
13 0.06484375 0.9363128491620112 0.1296875 0.11396648044692738
13 0.2390625 0.9307262569832402 0.19375 0.09944134078212291
7 0.6375 0.5642458100558659 0.28125 0.10949720670391061
5 0.92578125 0.7229050279329609 0.1484375 0.4871508379888268
13 0.60234375 0.7240223463687151 0.2140625 0.15865921787709497
13 0.6046875 0.8927374301675978 0.215625 0.13743016759776536