5 0.284375 0.09273743016759776 0.56875 0.18547486033519553
4 0.2125 0.23072625698324023 0.4203125 0.08268156424581005
13 0.30859375 0.31620111731843575 0.5203125 0.055865921787709494
1 0.29921875 0.3854748603351955 0.5390625 0.06256983240223464
2 0.284375 0.45754189944134077 0.56875 0.0659217877094972
6 0.03984375 0.9329608938547486 0.0796875 0.06927374301675977
5 0.34140625 0.6994413407821229 0.4546875 0.2994413407821229
4 0.340625 0.9368715083798883 0.45625 0.12625698324022347
9 0.77734375 0.5536312849162012 0.1234375 0.00782122905027933
5 0.8078125 0.8256983240223463 0.384375 0.29720670391061454
3 0.85859375 0.5871508379888268 0.2828125 0.034636871508379886
11 0.6453125 0.5748603351955307 0.078125 0.05027932960893855