3 0.11484375 0.0335195530726257 0.2296875 0.0670391061452514
8 0.1 0.007262569832402235 0.128125 0.01452513966480447
12 0.22578125 0.09273743016759776 0.4515625 0.049162011173184354
5 0.228125 0.23072625698324023 0.45625 0.20670391061452514
4 0.125 0.3787709497206704 0.25 0.08268156424581005
13 0.2375 0.464804469273743 0.475 0.055865921787709494
1 0.23671875 0.5340782122905028 0.4734375 0.06256983240223464
2 0.2390625 0.6061452513966481 0.478125 0.0659217877094972
9 0.18828125 0.7284916201117319 0.3765625 0.017877094972067038
12 0.3 0.8039106145251397 0.6 0.10837988826815642
3 0.15390625 0.952513966480447 0.3078125 0.09497206703910614