4 0.16484375 0.26536312849162014 0.3296875 0.4681564245810056
5 0.88828125 0.4206703910614525 0.2234375 0.15754189944134078
3 0.4109375 0.09162011173184358 0.1625 0.1005586592178771
8 0.70234375 0.1888268156424581 0.2015625 0.0223463687150838
4 0.4921875 0.41620111731843573 0.325 0.1664804469273743
9 0.68828125 0.2346368715083799 0.5328125 0.054748603351955305
11 0.6921875 0.10726256983240223 0.1640625 0.10837988826815642
3 0.965625 0.09888268156424582 0.06875 0.09497206703910614
3 0.16484375 0.588268156424581 0.3296875 0.06368715083798883
8 0.16484375 0.7078212290502793 0.3296875 0.05251396648044693
12 0.16484375 0.8022346368715084 0.3296875 0.07597765363128492
5 0.16484375 0.9223463687150838 0.3296875 0.1553072625698324
8 0.534375 0.5681564245810056 0.409375 0.05251396648044693
12 0.65546875 0.6625698324022347 0.6515625 0.07597765363128492
5 0.65390625 0.8111731843575419 0.6484375 0.2122905027932961
4 0.65078125 0.9608938547486033 0.6421875 0.0782122905027933