3 0.109375 0.055865921787709494 0.21875 0.11173184357541899
13 0.115625 0.2536312849162011 0.23125 0.24134078212290502
6 0.05234375 0.4452513966480447 0.1046875 0.11508379888268157
5 0.7359375 0.19497206703910613 0.528125 0.3318435754189944
4 0.69765625 0.4860335195530726 0.4453125 0.14748603351955308
3 0.3671875 0.13519553072625698 0.096875 0.12067039106145251
8 0.75625 0.5983240223463687 0.2453125 0.07597765363128492
9 0.72265625 0.6435754189944134 0.184375 0.01899441340782123
5 0.79609375 0.8435754189944135 0.3328125 0.2536312849162011
3 0.51953125 0.8374301675977653 0.1453125 0.2
11 0.52265625 0.617877094972067 0.1390625 0.11620111731843576