5 0.440625 0.12067039106145251 0.378125 0.24134078212290502
4 0.440625 0.33631284916201115 0.378125 0.1452513966480447
13 0.07421875 0.07206703910614524 0.1484375 0.1441340782122905
7 0.028125 0.17374301675977655 0.05625 0.05698324022346369
6 0.08203125 0.28044692737430166 0.1640625 0.13854748603351955
4 0.81484375 0.04189944134078212 0.3703125 0.08379888268156424
5 0.81484375 0.26033519553072626 0.3703125 0.3128491620111732
8 0.15703125 0.5039106145251396 0.2546875 0.06927374301675977
9 0.1890625 0.5905027932960893 0.3140625 0.02569832402234637
12 0.1859375 0.7122905027932961 0.309375 0.14078212290502792
5 0.49453125 0.7988826815642458 0.2703125 0.3128491620111732
3 0.1484375 0.8804469273743016 0.234375 0.17094972067039105