8 0.189 0.22772277227722773 0.174 0.02263083451202263
9 0.188 0.2567185289957567 0.136 0.018387553041018388
12 0.661 0.09264497878359264 0.598 0.09759547383309759
3 0.159 0.35855728429985856 0.194 0.15417256011315417
7 0.195 0.5021216407355021 0.274 0.11032531824611033
13 0.197 0.6386138613861386 0.278 0.13154172560113153
5 0.657 0.3175388967468175 0.602 0.3352192362093352
4 0.657 0.5424328147100425 0.602 0.08062234794908062
6 0.664 0.6541725601131542 0.6 0.10608203677510608
6 0.607 0.8231966053748232 0.482 0.19801980198019803
11 0.186 0.12376237623762376 0.212 0.14285714285714285