4 0.1421875 0.05698324022346369 0.225 0.11396648044692738
3 0.15703125 0.45977653631284915 0.2109375 0.17988826815642459
12 0.8578125 0.018435754189944135 0.284375 0.03687150837988827
5 0.8546875 0.20614525139664805 0.290625 0.3139664804469274
13 0.8546875 0.4519553072625698 0.290625 0.16201117318435754
4 0.58203125 0.15251396648044693 0.128125 0.27150837988826815
3 0.57890625 0.4240223463687151 0.128125 0.17094972067039105
8 0.14609375 0.5731843575418994 0.2921875 0.035754189944134075
3 0.0640625 0.6156424581005586 0.128125 0.03128491620111732
12 0.2 0.7072625698324022 0.4 0.07150837988826815
13 0.175 0.7972067039106145 0.35 0.07709497206703911
5 0.2 0.9290502793296089 0.4 0.1418994413407821
4 0.6671875 0.7016759776536313 0.534375 0.3039106145251397