12 0.17109375 0.10782122905027933 0.3421875 0.13966480446927373
6 0.1875 0.6480446927374302 0.375 0.06256983240223464
7 0.1359375 0.44972067039106145 0.271875 0.09050279329608939
1 0.59140625 0.6441340782122905 0.3765625 0.07039106145251396
4 0.1828125 0.29217877094972067 0.365625 0.21787709497206703
5 0.5921875 0.31731843575418994 0.375 0.5564245810055866
13 0.13515625 0.5486033519553073 0.2703125 0.11843575418994413
5 0.88984375 0.4921787709497207 0.2203125 0.3743016759776536
13 0.88984375 0.1424581005586592 0.2203125 0.2849162011173184
4 0.50390625 0.7435754189944134 0.3796875 0.12849162011173185
5 0.50703125 0.9111731843575419 0.3703125 0.1776536312849162
3 0.05234375 0.7273743016759776 0.1046875 0.09608938547486033
13 0.12734375 0.8569832402234637 0.2546875 0.1340782122905028
5 0.8796875 0.9212290502793297 0.2 0.15754189944134078