12 0.10078125 0.17039106145251395 0.2015625 0.13966480446927373
3 0.0953125 0.022905027932960894 0.190625 0.04581005586592179
4 0.1125 0.3547486033519553 0.225 0.21787709497206703
5 0.41171875 0.28547486033519553 0.2953125 0.3675977653631285
5 0.7796875 0.25921787709497207 0.440625 0.4201117318435754
3 0.7546875 0.028491620111731845 0.390625 0.01899441340782123
9 0.59140625 0.007262569832402235 0.0640625 0.01452513966480447
12 0.7796875 0.49273743016759775 0.440625 0.04692737430167598
5 0.7796875 0.6513966480446928 0.440625 0.2435754189944134
4 0.7796875 0.8424581005586592 0.440625 0.11843575418994413
13 0.7796875 0.9575418994413408 0.440625 0.08491620111731843