3 0.15546875 0.027374301675977653 0.3109375 0.054748603351955305
5 0.1796875 0.22625698324022347 0.359375 0.3139664804469274
4 0.1796875 0.4402234636871508 0.359375 0.05810055865921788
7 0.475 0.34301675977653634 0.23125 0.16983240223463686
5 0.83046875 0.16815642458100558 0.3390625 0.33631284916201115
4 0.83203125 0.41508379888268154 0.3359375 0.10837988826815642
12 0.4703125 0.1793296089385475 0.221875 0.10837988826815642
5 0.1796875 0.7346368715083799 0.359375 0.5307262569832403
4 0.5078125 0.5134078212290503 0.296875 0.08826815642458101
13 0.86640625 0.5899441340782123 0.2671875 0.24134078212290502
10 0.86328125 0.8374301675977653 0.2734375 0.2111731843575419
7 0.86796875 0.9793296089385475 0.2640625 0.041340782122905026
5 0.52421875 0.7910614525139665 0.3296875 0.41787709497206704