8 0.20390625 0.05251396648044693 0.16875 0.01675977653631285
3 0.2828125 0.12793296089385475 0.321875 0.05251396648044693
5 0.35078125 0.3005586592178771 0.4578125 0.21675977653631284
5 0.909375 0.24804469273743016 0.18125 0.3217877094972067
3 0.6546875 0.11452513966480447 0.15 0.0659217877094972
9 0.91484375 0.02346368715083799 0.1703125 0.04692737430167598
11 0.63359375 0.03519553072625698 0.1078125 0.07039106145251396
7 0.609375 0.26424581005586595 0.059375 0.17541899441340783
12 0.2890625 0.47374301675977654 0.578125 0.12960893854748604
4 0.28984375 0.6039106145251396 0.5796875 0.10391061452513967
5 0.28984375 0.8340782122905028 0.5796875 0.3318435754189944
12 0.7765625 0.5452513966480447 0.39375 0.11843575418994413
5 0.7765625 0.711731843575419 0.39375 0.18994413407821228
4 0.67421875 0.8899441340782123 0.1890625 0.15754189944134078