8 0.54765625 0.12793296089385475 0.1421875 0.02346368715083799
9 0.55703125 0.14916201117318437 0.1234375 0.01675977653631285
4 0.484375 0.3324022346368715 0.26875 0.17318435754189945
3 0.19140625 0.01452513966480447 0.1703125 0.02905027932960894
12 0.08203125 0.17094972067039105 0.1640625 0.21675977653631284
7 0.11875 0.34301675977653634 0.2375 0.07150837988826815
11 0.3015625 0.13910614525139664 0.23125 0.16201117318435754
5 0.80546875 0.33519553072625696 0.3734375 0.16759776536312848
13 0.809375 0.17206703910614526 0.38125 0.12960893854748604
12 0.79453125 0.48379888268156424 0.3515625 0.053631284916201116
5 0.78203125 0.7340782122905027 0.3265625 0.39553072625698327