8 0.44921875 0.08491620111731843 0.3203125 0.09720670391061452
3 0.43515625 0.20726256983240224 0.2890625 0.07486033519553073
12 0.54296875 0.35307262569832404 0.5140625 0.17206703910614526
13 0.1015625 0.3452513966480447 0.203125 0.1877094972067039
11 0.11328125 0.11620111731843576 0.2265625 0.19217877094972066
4 0.9 0.3329608938547486 0.2 0.2122905027932961
11 0.9296875 0.09608938547486033 0.140625 0.19217877094972066
3 0.04765625 0.4849162011173184 0.071875 0.08268156424581005
4 0.19765625 0.7329608938547486 0.3734375 0.09273743016759776
5 0.28828125 0.9022346368715084 0.5671875 0.19553072625698323
1 0.9 0.48659217877094973 0.2 0.09497206703910614
5 0.9 0.7519553072625699 0.2 0.42681564245810055