5 0.2453125 0.07877094972067039 0.446875 0.15754189944134078
4 0.2453125 0.23016759776536314 0.446875 0.08491620111731843
6 0.2453125 0.34413407821229053 0.446875 0.09162011173184358
12 0.30859375 0.5424581005586592 0.2609375 0.06927374301675977
13 0.296875 0.6731843575418994 0.2390625 0.12290502793296089
6 0.2515625 0.8184357541899442 0.140625 0.09162011173184358
7 0.25 0.9463687150837988 0.1421875 0.09944134078212291
5 0.05390625 0.7156424581005587 0.1078125 0.3206703910614525
4 0.0515625 0.9463687150837988 0.103125 0.10726256983240223
8 0.56953125 0.49273743016759775 0.2015625 0.0223463687150838
9 0.59765625 0.5368715083798883 0.2578125 0.0659217877094972
3 0.8765625 0.529608938547486 0.246875 0.12067039106145251
5 0.74375 0.7960893854748603 0.5125 0.40782122905027934