8 0.11868686868686869 0.03 0.198989898989899 0.03428571428571429
12 0.353030303030303 0.13892857142857143 0.6636363636363637 0.09642857142857143
5 0.346969696969697 0.32785714285714285 0.6555555555555556 0.26
4 0.30303030303030304 0.5671428571428572 0.5757575757575758 0.20142857142857143
3 0.802020202020202 0.37 0.16767676767676767 0.17285714285714285
13 0.851010101010101 0.5217857142857143 0.2595959595959596 0.11071428571428571
7 0.851010101010101 0.6542857142857142 0.26565656565656565 0.14
13 0.2383838383838384 0.7453571428571428 0.4383838383838384 0.1407142857142857
6 0.1621212121212121 0.8632142857142857 0.2878787878787879 0.07785714285714286
9 0.15151515151515152 0.06428571428571428 0.26262626262626265 0.037142857142857144
11 0.8494949494949495 0.18571428571428572 0.2606060606060606 0.18