13 0.16328125 0.43687150837988825 0.2828125 0.4301675977653631
4 0.828125 0.2977653631284916 0.2953125 0.16089385474860335
11 0.09375 0.09720670391061452 0.10625 0.09720670391061452
3 0.82734375 0.10837988826815642 0.2859375 0.18212290502793296
5 0.5046875 0.7955307262569833 0.946875 0.26927374301675977
12 0.8171875 0.4581005586592179 0.296875 0.15083798882681565
9 0.12265625 0.17206703910614526 0.171875 0.03798882681564246
12 0.44453125 0.10670391061452514 0.3828125 0.18212290502793296
6 0.81796875 0.6078212290502794 0.2984375 0.1217877094972067
3 0.49609375 0.9659217877094972 0.9546875 0.02905027932960894
8 0.19453125 0.07039106145251396 0.0890625 0.041340782122905026