8 0.1984375 0.0659217877094972 0.3578125 0.03798882681564246
3 0.14921875 0.2770949720670391 0.25625 0.2100558659217877
12 0.6671875 0.23016759776536314 0.5828125 0.1106145251396648
4 0.67265625 0.40670391061452515 0.60625 0.18100558659217877
5 0.6734375 0.6653631284916202 0.6046875 0.3027932960893855
2 0.6734375 0.9055865921787709 0.6046875 0.14860335195530727
13 0.1484375 0.5005586592178771 0.2546875 0.14972067039106146
2 0.1640625 0.6687150837988827 0.2890625 0.09832402234636871
1 0.17265625 0.7960893854748603 0.303125 0.08268156424581005
6 0.11796875 0.9039106145251397 0.1859375 0.05921787709497207
7 0.15 0.5486033519553073 0.253125 0.053631284916201116
11 0.85390625 0.08156424581005586 0.1953125 0.15418994413407822