8 0.11875 0.030167597765363128 0.2 0.034636871508379886
12 0.353125 0.13854748603351955 0.6640625 0.09608938547486033
5 0.346875 0.32793296089385476 0.65625 0.26033519553072626
4 0.303125 0.5670391061452514 0.5765625 0.2022346368715084
3 0.8015625 0.36983240223463687 0.1671875 0.17318435754189945
13 0.85078125 0.5217877094972067 0.259375 0.1106145251396648
7 0.85078125 0.6541899441340782 0.265625 0.13966480446927373
13 0.23828125 0.7452513966480447 0.4390625 0.14078212290502792
6 0.1625 0.8631284916201117 0.2890625 0.0782122905027933
9 0.1515625 0.06424581005586592 0.2625 0.03687150837988827
11 0.84921875 0.18547486033519553 0.259375 0.17988826815642459