3 0.06171875 0.3541899441340782 0.1234375 0.10949720670391061
13 0.07109375 0.16815642458100558 0.1421875 0.1888268156424581
4 0.35234375 0.27039106145251396 0.3140625 0.2770949720670391
13 0.065625 0.02905027932960894 0.13125 0.05810055865921788
5 0.4203125 0.5960893854748603 0.178125 0.23798882681564246
13 0.41796875 0.8480446927374302 0.1828125 0.2011173184357542
3 0.1625 0.4335195530726257 0.21875 0.049162011173184354
7 0.10859375 0.7011173184357542 0.10625 0.15865921787709497
6 0.11015625 0.870391061452514 0.115625 0.11173184357541899
4 0.80703125 0.7754189944134078 0.3859375 0.1877094972067039
5 0.7984375 0.5363128491620112 0.403125 0.2547486033519553
7 0.9671875 0.9357541899441341 0.065625 0.12849162011173185
13 0.728125 0.9273743016759777 0.140625 0.12737430167597766