9 0.35234375 0.004469273743016759 0.2171875 0.008938547486033519
12 0.3328125 0.12737430167597766 0.334375 0.11396648044692738
3 0.253125 0.04581005586592179 0.49375 0.02011173184357542
3 0.06875 0.21396648044692737 0.1375 0.2916201117318436
5 0.3328125 0.2849162011173184 0.334375 0.14972067039106146
5 0.884375 0.2581005586592179 0.23125 0.20335195530726258
12 0.8984375 0.06871508379888268 0.203125 0.09050279329608939
13 0.6125 0.17988826815642459 0.225 0.35977653631284917
12 0.1671875 0.39273743016759777 0.334375 0.0659217877094972
5 0.16796875 0.5597765363128492 0.3359375 0.24134078212290502
4 0.171875 0.7731843575418994 0.34375 0.13854748603351955
7 0.03984375 0.9083798882681564 0.0796875 0.06927374301675977
12 0.75390625 0.5340782122905028 0.2265625 0.1005586592178771
3 0.76640625 0.44692737430167595 0.2453125 0.02569832402234637
3 0.9734375 0.5737430167597766 0.053125 0.1329608938547486
13 0.97578125 0.753072625698324 0.0484375 0.17430167597765364
7 0.9765625 0.9357541899441341 0.046875 0.12849162011173185
4 0.75234375 0.6905027932960894 0.2359375 0.18994413407821228
5 0.7515625 0.9078212290502793 0.228125 0.18435754189944134