8 0.5 0.04357541899441341 0.321875 0.027932960893854747
9 0.42265625 0.0776536312849162 0.1578125 0.01899441340782123
12 0.65625 0.20782122905027933 0.634375 0.19776536312849163
5 0.6609375 0.5536312849162012 0.640625 0.46033519553072627
4 0.65625 0.8910614525139665 0.628125 0.18659217877094972
3 0.165625 0.3139664804469274 0.2796875 0.15754189944134078
9 0.165625 0.5139664804469274 0.2734375 0.20893854748603352
13 0.09921875 0.6932960893854748 0.14375 0.12849162011173185
7 0.11171875 0.8016759776536313 0.171875 0.06815642458100558
3 0.06953125 0.8759776536312849 0.0875 0.04581005586592179
11 0.1625 0.07262569832402235 0.165625 0.11731843575418995