4 0.51171875 0.24134078212290502 0.0953125 0.2905027932960894
3 0.140625 0.29832402234636873 0.28125 0.18994413407821228
13 0.1203125 0.5111731843575419 0.240625 0.23575418994413408
8 0.1140625 0.016201117318435754 0.228125 0.03240223463687151
12 0.21640625 0.12569832402234637 0.4328125 0.1463687150837989
9 0.07109375 0.049162011173184354 0.1421875 0.03128491620111732
5 0.64375 0.5653631284916201 0.16875 0.05810055865921788
5 0.33203125 0.6854748603351956 0.4546875 0.11284916201117319
1 0.3328125 0.858659217877095 0.453125 0.17094972067039105
3 0.0375 0.7067039106145251 0.075 0.10837988826815642
3 0.6765625 0.7877094972067039 0.215625 0.2916201117318436
4 0.9265625 0.9044692737430168 0.146875 0.19106145251396647