7 0.71640625 0.25642458100558657 0.1203125 0.11955307262569832
5 0.3328125 0.40893854748603353 0.596875 0.4301675977653631
13 0.76015625 0.3804469273743017 0.2 0.0893854748603352
4 0.334375 0.8201117318435754 0.609375 0.35977653631284917
6 0.79609375 0.8055865921787709 0.2890625 0.15195530726256984
3 0.853125 0.061452513966480445 0.23125 0.12067039106145251
13 0.75625 0.5128491620111731 0.19375 0.12625698324022347
8 0.08671875 0.038547486033519554 0.09375 0.05251396648044693
12 0.81953125 0.6547486033519553 0.3328125 0.12290502793296089
12 0.36328125 0.12011173184357542 0.653125 0.05251396648044693
9 0.15 0.08994413407821229 0.2171875 0.02011173184357542