11 0.08984375 0.06871508379888268 0.1796875 0.13519553072625698
5 0.25546875 0.3659217877094972 0.4265625 0.20670391061452514
12 0.40234375 0.05865921787709497 0.1328125 0.05921787709497207
12 0.234375 0.20614525139664805 0.46875 0.05921787709497207
9 0.1890625 0.1547486033519553 0.378125 0.03240223463687151
13 0.5671875 0.11452513966480447 0.196875 0.11731843575418995
7 0.528125 0.2106145251396648 0.11875 0.061452513966480445
6 0.57109375 0.30614525139664805 0.2046875 0.12067039106145251
5 0.878125 0.2106145251396648 0.24375 0.31843575418994413
3 0.734375 0.009497206703910615 0.53125 0.01899441340782123
4 0.8796875 0.4273743016759777 0.240625 0.08379888268156424
8 0.24453125 0.5089385474860335 0.4484375 0.05027932960893855
12 0.24453125 0.711173184357542 0.4484375 0.17318435754189945
5 0.246875 0.9134078212290503 0.44375 0.17318435754189945
9 0.24140625 0.5692737430167598 0.4546875 0.041340782122905026
13 0.97265625 0.6318435754189944 0.0546875 0.21340782122905028
1 0.97578125 0.8284916201117318 0.0484375 0.12402234636871508
13 0.66171875 0.5798882681564246 0.3859375 0.2212290502793296
5 0.64765625 0.8268156424581006 0.3578125 0.2346368715083799