4 0.29453125 0.034636871508379886 0.5296875 0.06927374301675977
5 0.29375 0.146927374301676 0.53125 0.13519553072625698
1 0.29609375 0.2905027932960894 0.5265625 0.10949720670391061
10 0.2953125 0.4759776536312849 0.528125 0.22793296089385476
12 0.81640625 0.10837988826815642 0.3671875 0.1564245810055866
1 0.8171875 0.288268156424581 0.365625 0.17653631284916202
4 0.81796875 0.4782122905027933 0.3640625 0.18100558659217877
9 0.7 0.5988826815642458 0.1375 0.017877094972067038
12 0.7953125 0.7083798882681565 0.2578125 0.049162011173184354
4 0.76640625 0.8346368715083798 0.290625 0.15083798882681565
13 0.77109375 0.9664804469273743 0.2734375 0.0670391061452514