8 0.17578125 0.18156424581005587 0.1734375 0.021229050279329607
9 0.178125 0.21508379888268156 0.2109375 0.04357541899441341
3 0.184375 0.3446927374301676 0.221875 0.16089385474860335
13 0.15078125 0.5027932960893855 0.1640625 0.13072625698324022
7 0.1515625 0.6536312849162011 0.1625 0.13966480446927373
1 0.1765625 0.7715083798882681 0.2046875 0.07597765363128492
12 0.625 0.10502793296089385 0.5625 0.11284916201117319
5 0.62421875 0.3396648044692737 0.553125 0.3195530726256983
4 0.615625 0.5804469273743017 0.54375 0.13631284916201117
6 0.6203125 0.7134078212290503 0.55625 0.09385474860335195
2 0.615625 0.8106145251396648 0.5359375 0.08379888268156424
11 0.18359375 0.10670391061452514 0.165625 0.10726256983240223