12 0.2046875 0.04022346368715084 0.409375 0.08044692737430167
5 0.2046875 0.3407821229050279 0.409375 0.4983240223463687
8 0.8265625 0.12625698324022347 0.2921875 0.05139664804469274
9 0.68671875 0.17486033519553074 0.0703125 0.02346368715083799
12 0.8171875 0.3195530726256983 0.365625 0.16759776536312848
3 0.5109375 0.3877094972067039 0.203125 0.3128491620111732
3 0.8640625 0.17653631284916202 0.271875 0.026815642458100558
11 0.828125 0.03910614525139665 0.103125 0.0782122905027933
3 0.43984375 0.6642458100558659 0.0609375 0.14860335195530727
13 0.71875 0.7452513966480447 0.33125 0.16424581005586592
4 0.71484375 0.9106145251396648 0.328125 0.11508379888268157