8 0.4822222222222222 0.05145326001571092 0.2 0.07148468185388845
9 0.5888888888888889 0.10919088766692851 0.4088888888888889 0.02356637863315004
12 0.6777777777777778 0.192458758837392 0.5911111111111111 0.13197172034564023
5 0.6838888888888889 0.5974076983503535 0.61 0.4265514532600157
4 0.6755555555555556 0.8915946582875098 0.6022222222222222 0.15710919088766692
3 0.14166666666666666 0.30557737627651216 0.24333333333333335 0.1021209740769835
13 0.18 0.4399057344854674 0.3244444444444444 0.09583660644147683
10 0.17166666666666666 0.6622152395915161 0.30333333333333334 0.09269442262372349
13 0.1811111111111111 0.772191673212883 0.31777777777777777 0.10054988216810684
7 0.18222222222222223 0.8652788688138257 0.31777777777777777 0.0636292223095051
5 0.17777777777777778 0.9406912804399057 0.30444444444444446 0.0636292223095051
11 0.18722222222222223 0.12765121759622938 0.31222222222222223 0.22230950510604872