12 0.196875 0.09776536312849161 0.296875 0.19553072625698323
3 0.19140625 0.34022346368715084 0.234375 0.18547486033519553
3 0.17578125 0.5072625698324023 0.2046875 0.0446927374301676
5 0.07578125 0.6083798882681565 0.1515625 0.15754189944134078
4 0.06875 0.8245810055865922 0.1375 0.22793296089385476
13 0.325 0.5983240223463687 0.26875 0.13743016759776536
7 0.33359375 0.9849162011173185 0.2765625 0.030167597765363128
0 0.328125 0.8245810055865922 0.284375 0.23910614525139665
13 0.90546875 0.6441340782122905 0.1890625 0.22905027932960895
10 0.9078125 0.8301675977653631 0.184375 0.1005586592178771
1 0.909375 0.9212290502793297 0.18125 0.048044692737430165
7 0.90859375 0.9782122905027933 0.1828125 0.04357541899441341
4 0.65 0.6379888268156425 0.28125 0.21675977653631284
5 0.65 0.8804469273743016 0.28125 0.23910614525139665