5 0.37578125 0.2245810055865922 0.1671875 0.42681564245810055
13 0.12734375 0.0659217877094972 0.2546875 0.09608938547486033
1 0.0953125 0.18268156424581006 0.190625 0.11731843575418995
10 0.11875 0.288268156424581 0.2375 0.09162011173184358
13 0.1265625 0.3983240223463687 0.253125 0.10167597765363129
7 0.12734375 0.4921787709497207 0.2546875 0.06368715083798883
8 0.79296875 0.18603351955307262 0.2421875 0.0446927374301676
9 0.61640625 0.2340782122905028 0.065625 0.02346368715083799
12 0.8015625 0.36703910614525137 0.396875 0.13966480446927373
3 0.521875 0.41899441340782123 0.125 0.24134078212290502
3 0.82890625 0.23631284916201117 0.3421875 0.02346368715083799
11 0.7953125 0.08156424581005586 0.0875 0.1005586592178771
4 0.72578125 0.958659217877095 0.5328125 0.08268156424581005
5 0.72734375 0.7122905027932961 0.5359375 0.3452513966480447