3 0.40390625 0.004469273743016759 0.2296875 0.008938547486033519
12 0.27890625 0.07039106145251396 0.4796875 0.07374301675977654
5 0.2734375 0.33519553072625696 0.490625 0.3843575418994413
4 0.2765625 0.5737430167597766 0.484375 0.04357541899441341
7 0.2859375 0.6743016759776537 0.453125 0.09497206703910614
8 0.93515625 0.01564245810055866 0.1296875 0.03128491620111732
5 0.91640625 0.22681564245810057 0.1671875 0.3016759776536313
4 0.90546875 0.506145251396648 0.1890625 0.23016759776536314
7 0.59609375 0.6854748603351956 0.1546875 0.10837988826815642
13 0.63125 0.5089385474860335 0.225 0.21340782122905028
3 0.640625 0.30335195530726256 0.24375 0.15307262569832403
11 0.61953125 0.09497206703910614 0.2015625 0.18994413407821228
4 0.109375 0.7782122905027933 0.21875 0.07709497206703911
13 0.40703125 0.8547486033519553 0.2234375 0.23016759776536314
5 0.12578125 0.9206703910614525 0.2515625 0.15865921787709497