13 0.8078125 0.46368715083798884 0.33125 0.5128491620111731
7 0.746875 0.9094972067039107 0.1890625 0.11284916201117319
5 0.29921875 0.6318435754189944 0.5859375 0.441340782122905
12 0.6046875 0.15027932960893856 0.78125 0.07932960893854749
8 0.47265625 0.03519553072625698 0.321875 0.03910614525139665
11 0.10625 0.08826815642458101 0.203125 0.17318435754189945
4 0.3109375 0.293854748603352 0.621875 0.22569832402234638
1 0.8015625 0.7854748603351955 0.3125 0.12737430167597766
9 0.54140625 0.09329608938547486 0.5765625 0.03128491620111732
2 0.29140625 0.8966480446927374 0.5796875 0.07486033519553073
6 0.28125 0.9625698324022346 0.55625 0.06256983240223464
3 0.85625 0.06536312849162011 0.2875 0.09608938547486033