8 0.340625 0.006145251396648044 0.2375 0.012290502793296089
3 0.30625 0.04581005586592179 0.30625 0.0223463687150838
9 0.26015625 0.07486033519553073 0.3984375 0.02011173184357542
12 0.2296875 0.23966480446927374 0.459375 0.2446927374301676
1 0.63515625 0.10223463687150838 0.3515625 0.19106145251396647
6 0.70703125 0.25865921787709495 0.4953125 0.11284916201117319
10 0.7265625 0.3625698324022346 0.534375 0.07486033519553073
5 0.90078125 0.6564245810055865 0.1984375 0.23798882681564246
13 0.8984375 0.9039106145251397 0.203125 0.19217877094972066
3 0.63359375 0.4899441340782123 0.21875 0.05810055865921788
7 0.57890625 0.7614525139664804 0.10625 0.15865921787709497
6 0.58046875 0.9307262569832402 0.1140625 0.11173184357541899