13 0.184375 0.10837988826815642 0.36875 0.12737430167597766
5 0.184375 0.38994413407821227 0.36875 0.4
12 0.34453125 0.6245810055865921 0.0484375 0.0335195530726257
5 0.284375 0.8720670391061452 0.16875 0.19106145251396647
3 0.075 0.8603351955307262 0.15 0.17206703910614526
11 0.0921875 0.6597765363128492 0.184375 0.13966480446927373
8 0.66484375 0.6083798882681565 0.1828125 0.03687150837988827
9 0.66875 0.641340782122905 0.140625 0.027932960893854747
12 0.6203125 0.7681564245810056 0.2390625 0.10391061452513967
4 0.61953125 0.9184357541899442 0.2453125 0.16312849162011173
11 0.4171875 0.670949720670391 0.096875 0.16201117318435754