8 0.41953125 0.06983240223463687 0.28125 0.034636871508379886
3 0.42421875 0.1212290502793296 0.4296875 0.0223463687150838
9 0.38359375 0.14972067039106146 0.5328125 0.02011173184357542
12 0.325 0.31452513966480444 0.65 0.2446927374301676
5 0.3984375 0.5491620111731843 0.503125 0.2
13 0.0609375 0.5502793296089385 0.121875 0.19776536312849163
11 0.0453125 0.10279329608938548 0.090625 0.16759776536312848
13 0.91953125 0.19553072625698323 0.1609375 0.39106145251396646
10 0.91796875 0.5173184357541899 0.1640625 0.2346368715083799
5 0.73359375 0.39217877094972065 0.1671875 0.464804469273743
4 0.7296875 0.07932960893854749 0.159375 0.15865921787709497