3 0.20546875 0.05027932960893855 0.4109375 0.0670391061452514
12 0.26484375 0.1564245810055866 0.5296875 0.053631284916201116
5 0.26484375 0.3793296089385475 0.5296875 0.3005586592178771
4 0.91171875 0.44078212290502794 0.1765625 0.1776536312849162
3 0.6046875 0.4620111731843575 0.15 0.13519553072625698
4 0.9171875 0.17150837988826817 0.165625 0.34301675977653634
9 0.64453125 0.0335195530726257 0.2296875 0.0670391061452514
7 0.6515625 0.27318435754189946 0.24375 0.08603351955307263
12 0.6453125 0.13519553072625698 0.23125 0.0446927374301676
13 0.65390625 0.35083798882681566 0.2484375 0.06256983240223464
3 0.071875 0.7865921787709497 0.14375 0.1430167597765363
4 0.40859375 0.846927374301676 0.2421875 0.30614525139664805
13 0.103125 0.5983240223463687 0.20625 0.13743016759776536
5 0.76484375 0.7134078212290503 0.4703125 0.3675977653631285
13 0.76484375 0.9508379888268157 0.4703125 0.09832402234636871