8 0.50234375 0.1100558659217877 0.15625 0.0659217877094972
9 0.52734375 0.16927374301675976 0.20625 0.027932960893854747
12 0.61640625 0.28938547486033517 0.359375 0.09720670391061452
4 0.61796875 0.46759776536312847 0.365625 0.24134078212290502
13 0.6171875 0.670949720670391 0.3546875 0.15195530726256984
5 0.61484375 0.8296089385474861 0.365625 0.14860335195530727
3 0.30625 0.3664804469273743 0.153125 0.16759776536312848
10 0.30703125 0.5849162011173185 0.228125 0.14972067039106146
13 0.290625 0.7480446927374301 0.1953125 0.15754189944134078
7 0.2921875 0.8804469273743016 0.196875 0.09162011173184358
11 0.3078125 0.17206703910614526 0.1796875 0.16983240223463686