5 0.2 0.18156424581005587 0.4 0.36312849162011174
4 0.2 0.40391061452513966 0.4 0.0659217877094972
13 0.2 0.47374301675977654 0.4 0.05139664804469274
9 0.58125 0.050837988826815644 0.3625 0.04357541899441341
12 0.6625 0.188268156424581 0.525 0.13072625698324022
4 0.69140625 0.3452513966480447 0.2453125 0.10391061452513967
8 0.86171875 0.5469273743016759 0.215625 0.04581005586592179
12 0.83515625 0.6525139664804469 0.3296875 0.06256983240223464
4 0.803125 0.864804469273743 0.2375 0.27039106145251396
3 0.49296875 0.9111731843575419 0.1859375 0.16201117318435754
9 0.7484375 0.5949720670391061 0.1671875 0.041340782122905026
11 0.509375 0.641340782122905 0.21875 0.27262569832402234