4 0.10234375 0.04748603351955307 0.2046875 0.09497206703910614
5 0.0703125 0.38268156424581007 0.140625 0.4346368715083799
3 0.2703125 0.23575418994413408 0.159375 0.1005586592178771
12 0.27421875 0.3776536312849162 0.1515625 0.14748603351955308
1 0.27265625 0.511731843575419 0.1546875 0.09608938547486033
8 0.528125 0.11675977653631285 0.2078125 0.05027932960893855
9 0.8953125 0.0223463687150838 0.209375 0.0446927374301676
4 0.865625 0.1670391061452514 0.26875 0.21787709497206703
5 0.86484375 0.43966480446927375 0.2703125 0.3206703910614525
12 0.5375 0.20502793296089386 0.375 0.1463687150837989
3 0.478125 0.37597765363128494 0.25625 0.19329608938547485
13 0.4390625 0.5379888268156424 0.178125 0.12402234636871508
11 0.528125 0.045251396648044694 0.203125 0.09050279329608939
5 0.65546875 0.6960893854748603 0.6109375 0.19217877094972066
4 0.58125 0.876536312849162 0.4625 0.15754189944134078