8 0.6401933701657458 0.12890625 0.4074585635359116 0.046875
9 0.6588397790055248 0.1669921875 0.44751381215469616 0.03125
12 0.6850828729281768 0.333984375 0.505524861878453 0.158203125
10 0.6843922651933702 0.51416015625 0.5041436464088398 0.1728515625
4 0.68646408839779 0.6953125 0.5027624309392266 0.162109375
5 0.6795580110497238 0.857421875 0.4889502762430939 0.119140625
3 0.16298342541436464 0.35888671875 0.22099447513812154 0.2001953125
7 0.19337016574585636 0.544921875 0.287292817679558 0.12109375
13 0.19129834254143646 0.7373046875 0.2803867403314917 0.216796875
6 0.1712707182320442 0.91064453125 0.2430939226519337 0.0849609375
11 0.18439226519337015 0.10986328125 0.25828729281767954 0.2119140625