8 0.63984375 0.12905027932960894 0.40625 0.04692737430167598
9 0.65859375 0.1664804469273743 0.4484375 0.03128491620111732
12 0.68515625 0.3340782122905028 0.50625 0.15865921787709497
10 0.684375 0.5139664804469274 0.5046875 0.17318435754189945
4 0.68671875 0.6955307262569832 0.503125 0.16312849162011173
5 0.6796875 0.8575418994413407 0.4890625 0.11843575418994413
3 0.1625 0.35921787709497205 0.2203125 0.2011173184357542
7 0.19296875 0.5446927374301676 0.2875 0.1217877094972067
13 0.19140625 0.7374301675977654 0.28125 0.21675977653631284
6 0.17109375 0.9106145251396648 0.24375 0.08491620111731843
11 0.184375 0.1100558659217877 0.2578125 0.2122905027932961