5 0.409375 0.13463687150837989 0.11875 0.26927374301675977
8 0.1640625 0.19106145251396647 0.328125 0.08268156424581005
11 0.146875 0.07094972067039106 0.23125 0.1418994413407821
9 0.1671875 0.2569832402234637 0.334375 0.024581005586592177
5 0.65078125 0.07932960893854749 0.3640625 0.15865921787709497
4 0.18125 0.40782122905027934 0.3625 0.21899441340782122
5 0.234375 0.7167597765363128 0.46875 0.36983240223463687
6 0.234375 0.9597765363128492 0.46875 0.08044692737430167
12 0.528125 0.3865921787709497 0.11875 0.17430167597765364
3 0.90390625 0.37374301675977656 0.16875 0.19776536312849163
8 0.65859375 0.5184357541899441 0.0671875 0.041340782122905026
5 0.8125 0.7776536312849162 0.375 0.3754189944134078
1 0.5265625 0.6988826815642458 0.115625 0.21564245810055865
7 0.50859375 0.9687150837988827 0.0796875 0.06256983240223464
11 0.70234375 0.37094972067039106 0.1390625 0.20335195530726258