12 0.13984375 0.33910614525139665 0.278125 0.27262569832402234
6 0.478125 0.4653631284916201 0.203125 0.08156424581005586
4 0.4546875 0.18994413407821228 0.25 0.1877094972067039
3 0.146875 0.012290502793296089 0.203125 0.024581005586592177
13 0.44375 0.3418994413407821 0.140625 0.12737430167597766
5 0.78984375 0.049720670391061456 0.4203125 0.09944134078212291
4 0.77578125 0.16927374301675976 0.3921875 0.11508379888268157
13 0.64453125 0.3111731843575419 0.1296875 0.15307262569832403
7 0.8875 0.29329608938547486 0.225 0.1217877094972067
4 0.28984375 0.5586592178770949 0.5796875 0.0782122905027933
5 0.28984375 0.7927374301675978 0.5796875 0.376536312849162
5 0.71171875 0.6620111731843575 0.2640625 0.2849162011173184
4 0.74453125 0.8966480446927374 0.3296875 0.15307262569832403