9 0.10078125 0.008379888268156424 0.15625 0.01675977653631285
3 0.240625 0.05139664804469274 0.4359375 0.03128491620111732
3 0.0859375 0.19944134078212292 0.171875 0.17988826815642459
5 0.365625 0.25921787709497207 0.2875 0.2994413407821229
12 0.08359375 0.39608938547486033 0.1671875 0.1664804469273743
4 0.61171875 0.1223463687150838 0.2046875 0.2446927374301676
5 0.8765625 0.23966480446927374 0.246875 0.4793296089385475
13 0.53984375 0.3245810055865922 0.0609375 0.15754189944134078
3 0.18515625 0.8659217877094972 0.240625 0.17206703910614526
8 0.18984375 0.6703910614525139 0.2109375 0.07039106145251396
9 0.184375 0.7335195530726257 0.26875 0.02569832402234637
11 0.184375 0.5301675977653632 0.259375 0.10167597765363129
5 0.59921875 0.5268156424581005 0.1796875 0.09497206703910614
12 0.909375 0.653072625698324 0.18125 0.2849162011173184
3 0.61328125 0.9731843575418995 0.2078125 0.053631284916201116
11 0.61875 0.7402234636871509 0.21875 0.2916201117318436
8 0.58984375 0.9050279329608939 0.1609375 0.024581005586592177
9 0.56484375 0.9363128491620112 0.09375 0.026815642458100558