9 0.32734375 0.010614525139664804 0.15625 0.01675977653631285
3 0.36875 0.05307262569832402 0.240625 0.030167597765363128
3 0.26875 0.2016759776536313 0.259375 0.17988826815642459
12 0.196875 0.40391061452513966 0.39375 0.1776536312849162
13 0.26796875 0.587709497206704 0.2359375 0.1430167597765363
8 0.84375 0.15977653631284916 0.3125 0.05810055865921788
9 0.8484375 0.20893854748603352 0.11875 0.0335195530726257
12 0.84765625 0.39106145251396646 0.265625 0.13631284916201117
7 0.8390625 0.5681564245810056 0.321875 0.15977653631284916
3 0.56796875 0.09720670391061452 0.1578125 0.19441340782122904
4 0.56953125 0.3424581005586592 0.1609375 0.22905027932960895
13 0.54453125 0.5754189944134078 0.1109375 0.16759776536312848
11 0.85390625 0.056424581005586595 0.2265625 0.11284916201117319
6 0.0484375 0.8374301675977653 0.096875 0.09944134078212291
5 0.40078125 0.8620111731843575 0.1765625 0.23798882681564246