3 0.834375 0.09944134078212291 0.2125 0.11843575418994413
9 0.33671875 0.08044692737430167 0.5578125 0.05251396648044693
13 0.84140625 0.4581005586592179 0.2390625 0.21340782122905028
7 0.84765625 0.25251396648044694 0.2421875 0.14972067039106146
1 0.84609375 0.6541899441340782 0.2359375 0.12402234636871508
13 0.34140625 0.3452513966480447 0.5796875 0.34413407821229053
4 0.32421875 0.8698324022346369 0.5515625 0.1463687150837989
6 0.8390625 0.9268156424581006 0.23125 0.11284916201117319
12 0.34296875 0.12625698324022347 0.56875 0.04692737430167598
5 0.3234375 0.653072625698324 0.5609375 0.2346368715083799
8 0.16484375 0.045251396648044694 0.221875 0.0223463687150838
13 0.83984375 0.7938547486033519 0.2375 0.10726256983240223