13 0.21171875 0.07486033519553073 0.1546875 0.14972067039106146
1 0.21484375 0.23966480446927374 0.1484375 0.12402234636871508
4 0.74609375 0.13519553072625698 0.5078125 0.2636871508379888
13 0.37109375 0.24078212290502793 0.1640625 0.11284916201117319
7 0.375 0.07486033519553073 0.171875 0.14972067039106146
12 0.75546875 0.464804469273743 0.4890625 0.20558659217877095
4 0.7578125 0.6787709497206704 0.484375 0.20893854748603352
10 0.75625 0.8960893854748604 0.4875 0.20782122905027933
3 0.371875 0.5865921787709497 0.165625 0.39553072625698327
8 0.35 0.3368715083798883 0.121875 0.054748603351955305
7 0.3515625 0.8452513966480447 0.125 0.08156424581005586
13 0.36484375 0.9547486033519553 0.1515625 0.09050279329608939