3 0.24140625 0.02011173184357542 0.2359375 0.04022346368715084
13 0.23984375 0.15195530726256984 0.2390625 0.2011173184357542
7 0.2375 0.3016759776536313 0.234375 0.07709497206703911
6 0.23984375 0.41787709497206704 0.2390625 0.12737430167597766
7 0.9734375 0.5648044692737431 0.053125 0.12849162011173185
4 0.6421875 0.13910614525139664 0.565625 0.2670391061452514
5 0.625 0.5201117318435754 0.53125 0.21787709497206703
3 0.97421875 0.09441340782122905 0.0515625 0.13966480446927373
13 0.97109375 0.23631284916201117 0.0578125 0.10167597765363129
13 0.628125 0.3486033519553073 0.5375 0.11620111731843576
6 0.975 0.4033519553072626 0.05 0.12737430167597766
4 0.1796875 0.8966480446927374 0.359375 0.12849162011173185
13 0.1796875 0.7659217877094973 0.359375 0.09273743016759776
12 0.1796875 0.6787709497206704 0.359375 0.05251396648044693
5 0.61640625 0.7340782122905027 0.5140625 0.2100558659217877
13 0.61796875 0.9324022346368716 0.5171875 0.11731843575418995