4 0.16875 0.0329608938547486 0.3375 0.0659217877094972
5 0.16953125 0.21452513966480447 0.3390625 0.2636871508379888
1 0.16953125 0.453072625698324 0.3390625 0.19329608938547485
4 0.1375 0.6927374301675978 0.253125 0.22905027932960895
13 0.11171875 0.9206703910614525 0.2015625 0.15865921787709497
8 0.4109375 0.5832402234636872 0.14375 0.026815642458100558
9 0.66171875 0.617877094972067 0.6453125 0.04022346368715084
3 0.628125 0.658659217877095 0.578125 0.04581005586592179
12 0.66484375 0.7229050279329609 0.6515625 0.07374301675977654
4 0.61640625 0.8167597765363128 0.5546875 0.10279329608938548
5 0.6328125 0.9379888268156424 0.5875 0.12402234636871508