3 0.22890625 0.06927374301675977 0.4015625 0.08044692737430167
13 0.39609375 0.27430167597765365 0.0671875 0.2759776536312849
7 0.3984375 0.4748603351955307 0.0625 0.06927374301675977
5 0.165625 0.2346368715083799 0.33125 0.19664804469273742
4 0.11796875 0.441340782122905 0.2359375 0.13631284916201117
5 0.23828125 0.88268156424581 0.3828125 0.2346368715083799
1 0.234375 0.659217877094972 0.390625 0.18994413407821228
3 0.58984375 0.9374301675977653 0.3203125 0.12513966480446928
12 0.571875 0.8055865921787709 0.284375 0.12960893854748604
11 0.56796875 0.6 0.2765625 0.18100558659217877
8 0.9 0.529608938547486 0.2 0.04022346368715084
4 0.88359375 0.7994413407821229 0.2328125 0.4011173184357542
9 0.90234375 0.5709497206703911 0.1953125 0.0335195530726257