5 0.18203125 0.10726256983240223 0.3640625 0.21452513966480447
1 0.2546875 0.39217877094972065 0.509375 0.33519553072625696
12 0.65859375 0.04078212290502793 0.1984375 0.08156424581005586
4 0.66015625 0.23910614525139665 0.2015625 0.19888268156424582
5 0.6609375 0.4720670391061452 0.203125 0.15083798882681565
12 0.403125 0.7463687150837989 0.3125 0.09608938547486033
9 0.25625 0.5754189944134078 0.5125 0.024581005586592177
13 0.07890625 0.7508379888268156 0.1578125 0.09385474860335195
10 0.0765625 0.9273743016759777 0.153125 0.1005586592178771
5 0.403125 0.88268156424581 0.3125 0.11620111731843576
5 0.7796875 0.7145251396648045 0.440625 0.3094972067039106
13 0.78203125 0.9340782122905028 0.4359375 0.0893854748603352