8 0.021875 0.05810055865921788 0.04375 0.02905027932960894
3 0.409375 0.055865921787709494 0.3 0.08044692737430167
5 0.2796875 0.2212290502793296 0.559375 0.19664804469273742
4 0.23359375 0.4631284916201117 0.4671875 0.20670391061452514
1 0.14296875 0.6268156424581005 0.2859375 0.0446927374301676
5 0.46015625 0.8039106145251397 0.1984375 0.20446927374301677
4 0.46015625 0.9681564245810056 0.1984375 0.06368715083798883
13 0.14296875 0.6927374301675978 0.2609375 0.08715083798882682
13 0.1484375 0.8553072625698324 0.2703125 0.18324022346368715
12 0.7796875 0.6843575418994413 0.440625 0.07039106145251396
5 0.7796875 0.9039106145251397 0.440625 0.19217877094972066