8 0.44921875 0.03966480446927374 0.225 0.027932960893854747
9 0.42421875 0.07486033519553073 0.1640625 0.0223463687150838
12 0.65390625 0.164804469273743 0.6265625 0.10837988826815642
3 0.12578125 0.31229050279329607 0.196875 0.15865921787709497
5 0.6546875 0.4642458100558659 0.6375 0.46033519553072627
4 0.6546875 0.7731843575418994 0.634375 0.12290502793296089
10 0.6578125 0.906145251396648 0.6375 0.11843575418994413
12 0.165625 0.5195530726256983 0.2796875 0.2201117318435754
13 0.12265625 0.7027932960893855 0.1875 0.10502793296089385
7 0.09765625 0.8139664804469273 0.1328125 0.08491620111731843
3 0.08203125 0.8938547486033519 0.1125 0.049162011173184354
11 0.16171875 0.07094972067039106 0.14375 0.10502793296089385