5 0.45 0.12458100558659217 0.41875 0.24916201117318434
4 0.44921875 0.411731843575419 0.4203125 0.2558659217877095
3 0.0453125 0.09162011173184358 0.090625 0.18324022346368715
13 0.04765625 0.2709497206703911 0.0953125 0.13519553072625698
3 0.79921875 0.01899441340782123 0.2796875 0.03798882681564246
13 0.8296875 0.13128491620111732 0.340625 0.1217877094972067
13 0.8296875 0.2927374301675978 0.340625 0.16759776536312848
5 0.8296875 0.4670391061452514 0.340625 0.1452513966480447
5 0.41484375 0.6150837988826816 0.4734375 0.15083798882681565
13 0.4171875 0.8100558659217877 0.465625 0.15418994413407822
6 0.41796875 0.9670391061452513 0.471875 0.06480446927374302