8 0.44982698961937717 0.039411764705882354 0.22491349480968859 0.027058823529411764
9 0.42474048442906576 0.07470588235294118 0.1643598615916955 0.02235294117647059
12 0.6539792387543253 0.16470588235294117 0.6262975778546713 0.10823529411764705
3 0.12629757785467127 0.3123529411764706 0.1972318339100346 0.1588235294117647
5 0.6539792387543253 0.4641176470588235 0.6366782006920415 0.46
4 0.6548442906574394 0.7735294117647059 0.6349480968858131 0.12352941176470589
10 0.657439446366782 0.9064705882352941 0.6366782006920415 0.1188235294117647
12 0.1652249134948097 0.5194117647058824 0.27854671280276816 0.22
13 0.12283737024221453 0.7029411764705882 0.18685121107266436 0.10470588235294118
7 0.09775086505190311 0.8141176470588235 0.13321799307958476 0.08470588235294117
3 0.08217993079584775 0.8935294117647059 0.11245674740484429 0.04823529411764706
11 0.16176470588235295 0.0711764705882353 0.14359861591695502 0.10470588235294118