3 0.29296875 0.11340782122905028 0.20625 0.1553072625698324
13 0.334375 0.293854748603352 0.290625 0.16312849162011173
5 0.07265625 0.3905027932960894 0.1453125 0.32737430167597764
13 0.33359375 0.506145251396648 0.2921875 0.17430167597765364
5 0.59921875 0.2916201117318436 0.2390625 0.5832402234636872
12 0.890625 0.08044692737430167 0.21875 0.16089385474860335
6 0.8921875 0.21787709497206703 0.215625 0.09832402234636871
4 0.88515625 0.3787709497206704 0.2296875 0.21899441340782122
1 0.88671875 0.5469273743016759 0.2265625 0.10614525139664804
8 0.159375 0.6519553072625698 0.31875 0.02569832402234637
9 0.14765625 0.6921787709497207 0.140625 0.01675977653631285
12 0.23984375 0.8262569832402235 0.4796875 0.11508379888268157
4 0.07734375 0.9592178770949721 0.1546875 0.08156424581005586
12 0.628125 0.9301675977653632 0.271875 0.13966480446927373
8 0.88203125 0.6798882681564246 0.2359375 0.10167597765363129
9 0.878125 0.7810055865921788 0.24375 0.08715083798882682
11 0.62421875 0.7284916201117319 0.246875 0.18435754189944134