5 0.3953125 0.1435754189944134 0.328125 0.2871508379888268
4 0.10234375 0.10446927374301676 0.2046875 0.20893854748603352
13 0.1 0.26033519553072626 0.2 0.05810055865921788
13 0.7796875 0.043016759776536316 0.440625 0.08603351955307263
5 0.7796875 0.24581005586592178 0.440625 0.08715083798882682
4 0.7796875 0.14078212290502792 0.440625 0.08715083798882682
12 0.05078125 0.39888268156424583 0.1015625 0.14078212290502792
5 0.340625 0.4860335195530726 0.4375 0.3128491620111732
4 0.33984375 0.7810055865921788 0.4390625 0.20335195530726258
1 0.33984375 0.9575418994413408 0.4390625 0.07150837988826815
7 0.05078125 0.7184357541899441 0.1015625 0.09832402234636871