5 0.41015625 0.10223463687150838 0.2796875 0.20446927374301677
4 0.409375 0.3793296089385475 0.28125 0.28044692737430166
3 0.06015625 0.06927374301675977 0.1203125 0.13854748603351955
13 0.0625 0.22625698324022347 0.125 0.13519553072625698
6 0.02109375 0.37318435754189944 0.0421875 0.12737430167597766
5 0.775 0.24078212290502793 0.45 0.14860335195530727
4 0.775 0.09273743016759776 0.45 0.11843575418994413
7 0.775 0.3642458100558659 0.45 0.06480446927374302
2 0.775 0.47541899441340785 0.45 0.12849162011173185
5 0.325 0.7698324022346369 0.45 0.46033519553072627
12 0.775 0.6195530726256984 0.45 0.15977653631284916
5 0.775 0.8726256983240224 0.45 0.2547486033519553