4 0.2 0.5391061452513967 0.4 0.21787709497206703
5 0.2296875 0.22513966480446929 0.459375 0.39664804469273746
9 0.06640625 0.006145251396648044 0.1328125 0.012290502793296089
12 0.759375 0.13463687150837989 0.48125 0.15754189944134078
10 0.759375 0.31452513966480444 0.48125 0.17318435754189945
4 0.759375 0.4960893854748603 0.48125 0.16312849162011173
5 0.759375 0.6391061452513966 0.48125 0.08044692737430167
4 0.16015625 0.9111731843575419 0.3203125 0.1776536312849162
5 0.0609375 0.7446927374301676 0.121875 0.09497206703910614
3 0.81875 0.7072625698324022 0.2625 0.055865921787709494
5 0.84140625 0.9027932960893855 0.3171875 0.19441340782122904