5 0.39375 0.13687150837988826 0.2125 0.2737430167597765
13 0.12734375 0.17988826815642459 0.2546875 0.3128491620111732
4 0.39296875 0.42681564245810055 0.2140625 0.29497206703910617
13 0.1234375 0.5625698324022347 0.246875 0.07486033519553073
13 0.1328125 0.4262569832402235 0.265625 0.1776536312849162
3 0.7390625 0.036312849162011177 0.478125 0.07262569832402235
12 0.75 0.11731843575418995 0.5 0.05139664804469274
4 0.75 0.31229050279329607 0.5 0.3318435754189944
5 0.75 0.5435754189944134 0.5 0.11284916201117319
5 0.265625 0.6698324022346369 0.46875 0.13966480446927373
4 0.26171875 0.8402234636871508 0.4765625 0.15865921787709497
1 0.26328125 0.970391061452514 0.4734375 0.05921787709497207