5 0.421875 0.0553072625698324 0.715625 0.1106145251396648
4 0.42109375 0.20726256983240224 0.7171875 0.1553072625698324
13 0.421875 0.3916201117318436 0.715625 0.18212290502793296
7 0.53984375 0.33128491620111733 0.4796875 0.04581005586592179
13 0.4203125 0.5335195530726257 0.71875 0.061452513966480445
13 0.88984375 0.035754189944134075 0.2203125 0.07150837988826815
5 0.934375 0.20391061452513967 0.13125 0.14860335195530727
4 0.93359375 0.32793296089385476 0.1328125 0.06368715083798883
4 0.3328125 0.7854748603351955 0.665625 0.2100558659217877
5 0.33125 0.9636871508379888 0.6625 0.07262569832402235
8 0.9078125 0.7720670391061453 0.171875 0.049162011173184354
9 0.88984375 0.8156424581005587 0.2203125 0.042458100558659215
3 0.88671875 0.9089385474860335 0.2140625 0.12737430167597766