6 0.13671875 0.45139664804469276 0.2734375 0.07597765363128492
13 0.13359375 0.06871508379888268 0.2671875 0.13743016759776536
4 0.4390625 0.22793296089385476 0.28125 0.29497206703910617
13 0.1296875 0.3659217877094972 0.259375 0.07932960893854749
13 0.1390625 0.22737430167597766 0.278125 0.1776536312849162
13 0.4359375 0.43854748603351956 0.2875 0.10167597765363129
12 0.78984375 0.07206703910614524 0.4203125 0.1441340782122905
5 0.78984375 0.3329608938547486 0.4203125 0.3128491620111732
5 0.29296875 0.5709497206703911 0.5734375 0.16312849162011173
2 0.29296875 0.7262569832402235 0.5734375 0.12513966480446928
4 0.28203125 0.8899441340782123 0.5546875 0.1776536312849162