5 0.25 0.19497206703910613 0.5 0.38994413407821227
4 0.88359375 0.20893854748603352 0.2328125 0.1452513966480447
7 0.5359375 0.04636871508379888 0.071875 0.05698324022346369
6 0.58984375 0.15307262569832403 0.1796875 0.13854748603351955
8 0.928125 0.42960893854748605 0.14375 0.07932960893854749
12 0.9265625 0.5955307262569832 0.146875 0.09385474860335195
5 0.92265625 0.8418994413407821 0.1546875 0.31620111731843575
13 0.62578125 0.7189944134078212 0.2515625 0.17541899441340783
7 0.571875 0.8497206703910615 0.14375 0.06368715083798883
6 0.646875 0.9463687150837988 0.29375 0.10726256983240223
9 0.921875 0.5094972067039106 0.15625 0.03128491620111732
11 0.56484375 0.4430167597765363 0.1296875 0.10614525139664804