5 0.33984375 0.1106145251396648 0.2578125 0.2212290502793296
2 0.3375 0.3340782122905028 0.2625 0.1877094972067039
1 0.3390625 0.48435754189944136 0.259375 0.09050279329608939
3 0.03828125 0.09385474860335195 0.0765625 0.1877094972067039
12 0.10078125 0.2849162011173184 0.2015625 0.16759776536312848
13 0.0828125 0.441340782122905 0.165625 0.10502793296089385
5 0.72578125 0.10279329608938548 0.5140625 0.17653631284916202
4 0.72578125 0.2664804469273743 0.5140625 0.10837988826815642
6 0.71953125 0.38324022346368714 0.5015625 0.0782122905027933
2 0.70703125 0.49050279329608937 0.4765625 0.08715083798882682
5 0.234375 0.7642458100558659 0.46875 0.13854748603351955
4 0.234375 0.6480446927374302 0.46875 0.05810055865921788
7 0.234375 0.9134078212290503 0.46875 0.12625698324022347