8 0.215625 0.05027932960893855 0.2375 0.02569832402234637
9 0.21484375 0.07653631284916201 0.121875 0.021229050279329607
4 0.65703125 0.12458100558659217 0.4671875 0.2111731843575419
5 0.69296875 0.40279329608938547 0.5390625 0.32737430167597764
2 0.69609375 0.6782122905027933 0.5546875 0.1877094972067039
1 0.684375 0.829050279329609 0.5234375 0.09050279329608939
3 0.1546875 0.4173184357541899 0.2703125 0.22905027932960895
12 0.21875 0.6290502793296089 0.39375 0.16759776536312848
13 0.20234375 0.7860335195530727 0.3546875 0.10502793296089385
6 0.12890625 0.9 0.215625 0.07262569832402235
11 0.21875 0.19441340782122904 0.2375 0.17541899441340783