12 0.39609375 0.11452513966480447 0.6265625 0.14860335195530727
13 0.39921875 0.24692737430167597 0.6203125 0.09162011173184358
10 0.3984375 0.38100558659217876 0.621875 0.1340782122905028
4 0.4 0.48156424581005586 0.61875 0.055865921787709494
3 0.659375 0.017877094972067038 0.1 0.035754189944134075
4 0.83828125 0.09217877094972067 0.2578125 0.18435754189944134
13 0.83359375 0.39273743016759777 0.2484375 0.2335195530726257
12 0.83671875 0.22905027932960895 0.2546875 0.0782122905027933
6 0.08828125 0.912290502793296 0.1765625 0.09720670391061452
4 0.45546875 0.6782122905027933 0.5078125 0.29497206703910617
13 0.08125 0.8162011173184358 0.1625 0.07932960893854749
13 0.090625 0.6776536312849162 0.18125 0.1776536312849162
13 0.45234375 0.8994413407821229 0.5140625 0.12290502793296089
6 0.79453125 0.9223463687150838 0.1703125 0.09720670391061452
13 0.7875 0.8262569832402235 0.15625 0.07932960893854749
13 0.796875 0.6877094972067039 0.175 0.1776536312849162