8 0.21785714285714286 0.3194444444444444 0.2357142857142857 0.07323232323232323
4 0.6803571428571429 0.1388888888888889 0.425 0.15656565656565657
5 0.6928571428571428 0.4861111111111111 0.45714285714285713 0.5025252525252525
3 0.24642857142857144 0.4962121212121212 0.3142857142857143 0.12373737373737374
12 0.2517857142857143 0.6338383838383839 0.31785714285714284 0.11616161616161616
13 0.26607142857142857 0.7638888888888888 0.3392857142857143 0.10858585858585859
13 0.2 0.88510101010101 0.22142857142857142 0.08333333333333333
7 0.5857142857142857 0.7941919191919192 0.24285714285714285 0.08333333333333333
6 0.6428571428571429 0.8926767676767676 0.35714285714285715 0.07323232323232323
9 0.20535714285714285 0.369949494949495 0.21071428571428572 0.017676767676767676
11 0.2517857142857143 0.16666666666666666 0.28214285714285714 0.20202020202020202