12 0.26953125 0.03128491620111732 0.5390625 0.06256983240223464
5 0.26953125 0.30446927374301674 0.5390625 0.4301675977653631
5 0.76015625 0.15251396648044693 0.4421875 0.30502793296089387
4 0.6859375 0.3893854748603352 0.29375 0.15754189944134078
12 0.44453125 0.5340782122905028 0.1890625 0.02905027932960894
5 0.44453125 0.7374301675977654 0.1890625 0.3329608938547486
4 0.20078125 0.6201117318435754 0.1296875 0.15083798882681565
3 0.21015625 0.9553072625698324 0.1296875 0.0893854748603352
13 0.446875 0.9653631284916201 0.184375 0.06927374301675977
8 0.86875 0.5469273743016759 0.203125 0.054748603351955305
9 0.84140625 0.5927374301675977 0.3171875 0.03240223463687151
5 0.78671875 0.7687150837988826 0.4265625 0.25921787709497207
4 0.78515625 0.9592178770949721 0.4296875 0.08156424581005586