8 0.21796875 0.3195530726256983 0.2359375 0.07374301675977654
4 0.6796875 0.13854748603351955 0.425 0.1553072625698324
5 0.6921875 0.48659217877094973 0.45625 0.5027932960893855
3 0.246875 0.49553072625698324 0.315625 0.12290502793296089
12 0.2515625 0.6346368715083799 0.3171875 0.11731843575418995
13 0.26640625 0.7642458100558659 0.3390625 0.10949720670391061
13 0.2 0.8854748603351955 0.221875 0.08491620111731843
7 0.58515625 0.7949720670391062 0.2421875 0.08491620111731843
6 0.6421875 0.8927374301675978 0.35625 0.07262569832402235
9 0.20625 0.36983240223463687 0.2125 0.01675977653631285
11 0.2515625 0.1664804469273743 0.2828125 0.2022346368715084