1 0.5015625 0.17541899441340783 0.175 0.1787709497206704
12 0.19375 0.13631284916201117 0.26875 0.10726256983240223
5 0.69140625 0.31564245810055863 0.2046875 0.2871508379888268
11 0.81484375 0.041340782122905026 0.1484375 0.08268156424581005
8 0.81484375 0.10670391061452514 0.28125 0.0335195530726257
13 0.915625 0.36703910614525137 0.16875 0.18435754189944134
3 0.79453125 0.1435754189944134 0.4109375 0.02346368715083799
12 0.9140625 0.21340782122905028 0.171875 0.09162011173184358
9 0.69765625 0.5536312849162012 0.2171875 0.041340782122905026
5 0.79296875 0.7659217877094973 0.4078125 0.2424581005586592
4 0.79375 0.9558659217877095 0.409375 0.08826815642458101