8 0.11875 0.06480446927374302 0.2375 0.0446927374301676
12 0.2046875 0.1787709497206704 0.409375 0.0893854748603352
5 0.2046875 0.4363128491620112 0.409375 0.30726256983240224
9 0.059375 0.10335195530726257 0.11875 0.01452513966480447
12 0.45234375 0.11340782122905028 0.0859375 0.16424581005586592
9 0.684375 0.008379888268156424 0.321875 0.01675977653631285
5 0.76171875 0.2675977653631285 0.4765625 0.46145251396648046
4 0.7609375 0.5564245810055866 0.478125 0.0670391061452514
8 0.0875 0.7525139664804469 0.175 0.03240223463687151
9 0.07578125 0.7759776536312849 0.1515625 0.02346368715083799
3 0.096875 0.8972067039106145 0.19375 0.20558659217877095
12 0.303125 0.6346368715083799 0.2125 0.0893854748603352
4 0.3046875 0.8229050279329609 0.209375 0.2737430167597765
11 0.05078125 0.6597765363128492 0.1015625 0.13966480446927373
4 0.55 0.6653631284916202 0.28125 0.1217877094972067
13 0.62265625 0.806145251396648 0.4265625 0.1418994413407821
7 0.7046875 0.9402234636871508 0.590625 0.11284916201117319