4 0.44375 0.18435754189944134 0.33125 0.16089385474860335
13 0.44140625 0.3245810055865922 0.3359375 0.09944134078212291
7 0.13125 0.18044692737430168 0.2625 0.36089385474860336
13 0.4453125 0.43798882681564244 0.328125 0.11173184357541899
5 0.8046875 0.2547486033519553 0.390625 0.5094972067039106
5 0.3046875 0.7178770949720671 0.609375 0.16424581005586592
4 0.3046875 0.5675977653631284 0.609375 0.10502793296089385
7 0.3046875 0.8374301675977653 0.609375 0.06368715083798883
13 0.2515625 0.9078212290502793 0.503125 0.06368715083798883
6 0.29375 0.9815642458100559 0.5875 0.03687150837988827
12 0.803125 0.852513966480447 0.3875 0.12067039106145251