8 0.284375 0.042458100558659215 0.434375 0.041340782122905026
4 0.3140625 0.7821229050279329 0.5859375 0.3329608938547486
11 0.83203125 0.09553072625698324 0.234375 0.17653631284916202
12 0.3125 0.1659217877094972 0.58125 0.07039106145251396
9 0.2609375 0.09441340782122905 0.40625 0.030167597765363128
7 0.834375 0.44692737430167595 0.271875 0.1217877094972067
5 0.31484375 0.4033519553072626 0.590625 0.4100558659217877
13 0.8390625 0.5664804469273743 0.290625 0.09832402234636871
3 0.83671875 0.8960893854748604 0.2828125 0.17988826815642459
13 0.81484375 0.3089385474860335 0.2484375 0.12737430167597766
6 0.82890625 0.7044692737430167 0.28125 0.16201117318435754