5 0.33515625 0.4452513966480447 0.1671875 0.32737430167597764
13 0.06796875 0.42905027932960893 0.1359375 0.19664804469273742
11 0.0953125 0.10446927374301676 0.190625 0.20893854748603352
3 0.05625 0.27150837988826815 0.1125 0.0670391061452514
9 0.33359375 0.12458100558659217 0.1703125 0.07262569832402235
8 0.3359375 0.03966480446927374 0.165625 0.07486033519553073
12 0.33828125 0.23128491620111732 0.1609375 0.06927374301675977
5 0.9234375 0.8044692737430168 0.153125 0.39106145251396646
4 0.61484375 0.6441340782122905 0.3515625 0.07039106145251396
7 0.60859375 0.7675977653631285 0.3046875 0.13072625698324022
1 0.6234375 0.9279329608938548 0.390625 0.1441340782122905