5 0.4578125 0.18659217877094972 0.403125 0.37318435754189944
13 0.0703125 0.09385474860335195 0.140625 0.1877094972067039
10 0.0984375 0.48156424581005586 0.196875 0.14972067039106146
4 0.459375 0.4446927374301676 0.4 0.1005586592178771
6 0.0921875 0.34972067039106147 0.184375 0.0670391061452514
5 0.828125 0.35810055865921786 0.3375 0.4033519553072626
4 0.80625 0.08268156424581005 0.29375 0.09832402234636871
5 0.3296875 0.6631284916201118 0.659375 0.20670391061452514
13 0.3296875 0.8581005586592179 0.659375 0.15865921787709497
0 0.3296875 0.9698324022346368 0.659375 0.060335195530726256
5 0.82109375 0.746927374301676 0.3234375 0.23798882681564246
5 0.8203125 0.9402234636871508 0.321875 0.1106145251396648
11 0.8359375 0.5832402234636872 0.165625 0.04692737430167598