5 0.67734375 0.5212290502793296 0.5421875 0.4301675977653631
13 0.175 0.453072625698324 0.2328125 0.19776536312849163
11 0.1984375 0.12737430167597766 0.29375 0.2111731843575419
3 0.1625 0.29553072625698323 0.209375 0.0670391061452514
10 0.203125 0.8452513966480447 0.2890625 0.15083798882681565
9 0.6703125 0.14860335195530727 0.534375 0.07262569832402235
8 0.65390625 0.06368715083798883 0.4921875 0.07486033519553073
12 0.67578125 0.2547486033519553 0.5265625 0.06927374301675977
4 0.6734375 0.8078212290502793 0.528125 0.1005586592178771
7 0.11015625 0.6111731843575419 0.1203125 0.08268156424581005
6 0.19296875 0.7134078212290503 0.2859375 0.06815642458100558