5 0.42734375 0.15865921787709497 0.2828125 0.31731843575418994
13 0.08515625 0.0659217877094972 0.1703125 0.1318435754189944
10 0.11328125 0.38491620111731845 0.2265625 0.06815642458100558
4 0.42890625 0.3787709497206704 0.2796875 0.08044692737430167
7 0.02421875 0.19162011173184357 0.0484375 0.08156424581005586
6 0.10703125 0.293854748603352 0.2140625 0.0670391061452514
3 0.47734375 0.5 0.1828125 0.11508379888268157
4 0.47421875 0.6614525139664804 0.1890625 0.19888268156424582
5 0.4765625 0.8871508379888268 0.184375 0.22569832402234638
1 0.15703125 0.9312849162011173 0.2515625 0.13743016759776536
13 0.19140625 0.7966480446927374 0.3234375 0.11173184357541899
13 0.1875 0.6446927374301676 0.3109375 0.16983240223463686
11 0.1984375 0.48435754189944136 0.303125 0.13072625698324022