9 0.03515625 0.35083798882681566 0.0703125 0.02905027932960894
8 0.0578125 0.29329608938547486 0.115625 0.07932960893854749
3 0.05625 0.47430167597765366 0.1125 0.1217877094972067
5 0.340625 0.35027932960893854 0.278125 0.4592178770949721
11 0.071875 0.11452513966480447 0.14375 0.22905027932960895
12 0.73984375 0.029608938547486034 0.5203125 0.05921787709497207
13 0.73984375 0.13631284916201117 0.5203125 0.12737430167597766
5 0.73984375 0.423463687150838 0.5203125 0.4111731843575419
8 0.41328125 0.7011173184357542 0.1328125 0.041340782122905026
9 0.42578125 0.7357541899441341 0.1078125 0.027932960893854747
12 0.3765625 0.8625698324022346 0.20625 0.10279329608938548
4 0.375 0.9659217877094972 0.209375 0.06815642458100558
3 0.05859375 0.9005586592178771 0.1171875 0.09608938547486033
11 0.1515625 0.7564245810055866 0.1765625 0.18100558659217877
4 0.6671875 0.7089385474860335 0.321875 0.15977653631284916
5 0.79296875 0.9312849162011173 0.4140625 0.13743016759776536