8 0.23828125 0.048044692737430165 0.3984375 0.03240223463687151
9 0.1796875 0.09329608938547486 0.284375 0.026815642458100558
12 0.3125 0.21955307262569831 0.565625 0.11843575418994413
3 0.46953125 0.3435754189944134 0.8796875 0.06815642458100558
4 0.2859375 0.46871508379888266 0.49375 0.10949720670391061
13 0.72734375 0.4893854748603352 0.2515625 0.15418994413407822
7 0.7234375 0.5452513966480447 0.246875 0.04357541899441341
10 0.76953125 0.6424581005586593 0.334375 0.1106145251396648
1 0.76640625 0.7603351955307263 0.33125 0.11173184357541899
5 0.28359375 0.6877094972067039 0.4921875 0.288268156424581
2 0.29453125 0.917877094972067 0.5234375 0.13966480446927373
6 0.6859375 0.8564245810055866 0.16875 0.05921787709497207
11 0.79453125 0.16256983240223463 0.2515625 0.2446927374301676