8 0.23875 0.04817127564674398 0.3975 0.032114183764495985
9 0.179375 0.0936663693131133 0.28375 0.026761819803746655
12 0.3125 0.21944692239072258 0.565 0.11775200713648529
3 0.47 0.3434433541480821 0.88 0.06779661016949153
4 0.285625 0.4687778768956289 0.49375 0.10972346119536129
13 0.726875 0.4892952720785013 0.25125 0.1543264942016057
7 0.72375 0.5454950936663693 0.2475 0.043710972346119537
10 0.769375 0.6422836752899197 0.33375 0.11061552185548618
5 0.28375 0.687778768956289 0.4925 0.28902765388046386
6 0.68625 0.8568242640499554 0.17 0.05976806422836753
11 0.794375 0.1623550401427297 0.25125 0.24442462087421946