3 0.3 0.0888268156424581 0.6 0.06815642458100558
4 0.1515625 0.21340782122905028 0.303125 0.10949720670391061
13 0.4859375 0.2346368715083799 0.228125 0.15418994413407822
7 0.48515625 0.2899441340782123 0.2296875 0.04357541899441341
10 0.4859375 0.370391061452514 0.228125 0.07709497206703911
5 0.15 0.3486033519553073 0.3 0.12067039106145251
8 0.86171875 0.03128491620111732 0.2765625 0.0446927374301676
12 0.86171875 0.1452513966480447 0.2765625 0.0893854748603352
5 0.86171875 0.32905027932960895 0.2765625 0.15977653631284916
3 0.63046875 0.32625698324022345 0.0609375 0.1653631284916201
9 0.85859375 0.07039106145251396 0.24375 0.01564245810055866
12 0.3 0.5324022346368715 0.6 0.06368715083798883
4 0.3140625 0.6821229050279329 0.540625 0.16759776536312848
5 0.31484375 0.9016759776536313 0.5703125 0.19664804469273742
11 0.18046875 0.4446927374301676 0.3171875 0.07150837988826815