4 0.54296875 0.19329608938547485 0.4859375 0.16424581005586592
11 0.13125 0.0670391061452514 0.171875 0.09944134078212291
7 0.1171875 0.3653631284916201 0.153125 0.0782122905027933
3 0.13125 0.1787709497206704 0.1734375 0.12290502793296089
13 0.1234375 0.48379888268156424 0.16875 0.1418994413407821
5 0.615625 0.6083798882681565 0.6390625 0.6737430167597765
13 0.12734375 0.6106145251396649 0.1734375 0.09608938547486033
6 0.125 0.6877094972067039 0.175 0.060335195530726256
8 0.36171875 0.021787709497206705 0.1109375 0.01899441340782123
12 0.62578125 0.07877094972067039 0.6546875 0.041340782122905026
9 0.3765625 0.050837988826815644 0.14375 0.02346368715083799
4 0.128125 0.2899441340782123 0.1796875 0.07374301675977654