4 0.10546875 0.05921787709497207 0.2109375 0.11843575418994413
5 0.3921875 0.07094972067039106 0.29375 0.1418994413407821
12 0.18828125 0.24078212290502793 0.3765625 0.13743016759776536
13 0.48984375 0.2424581005586592 0.0984375 0.1340782122905028
5 0.84921875 0.09162011173184358 0.3015625 0.18324022346368715
10 0.8484375 0.25027932960893856 0.303125 0.11843575418994413
1 0.6078125 0.22346368715083798 0.1375 0.17206703910614526
2 0.60703125 0.08715083798882682 0.1359375 0.07597765363128492
7 0.60859375 0.016201117318435754 0.1390625 0.03240223463687151
8 0.21796875 0.4016759776536313 0.3 0.11620111731843576
4 0.2578125 0.740782122905028 0.45625 0.16089385474860335
5 0.2578125 0.9229050279329609 0.44375 0.15418994413407822
9 0.2 0.49553072625698324 0.26875 0.03798882681564246