5 0.15546875 0.2837988826815642 0.3109375 0.39106145251396646
8 0.88984375 0.056424581005586595 0.2203125 0.041340782122905026
12 0.85390625 0.13575418994413407 0.2921875 0.09720670391061452
10 0.85546875 0.3614525139664804 0.2890625 0.23575418994413408
3 0.50078125 0.3424581005586592 0.3125 0.13743016759776536
7 0.50703125 0.4474860335195531 0.3265625 0.06368715083798883
11 0.52734375 0.14748603351955308 0.303125 0.22793296089385476
11 0.528125 0.15027932960893856 0.30625 0.22346368715083798
8 0.1796875 0.5620111731843576 0.1875 0.09944134078212291
9 0.17734375 0.9307262569832402 0.1734375 0.13854748603351955
9 0.20234375 0.6268156424581005 0.128125 0.02011173184357542
11 0.17265625 0.7474860335195531 0.1375 0.18100558659217877
8 0.80546875 0.7150837988826816 0.3890625 0.1318435754189944
5 0.80546875 0.8977653631284916 0.3890625 0.20446927374301677
12 0.43828125 0.8983240223463688 0.1984375 0.20335195530726258
11 0.43984375 0.6826815642458101 0.2015625 0.19888268156424582