8 0.33671875 0.04078212290502793 0.0640625 0.0659217877094972
12 0.3375 0.18659217877094972 0.0625 0.06927374301675977
13 0.33671875 0.31731843575418994 0.0640625 0.12290502793296089
6 0.33828125 0.46256983240223465 0.0609375 0.09162011173184358
5 0.11796875 0.36033519553072624 0.2359375 0.3206703910614525
5 0.809375 0.05195530726256983 0.38125 0.10391061452513967
10 0.8109375 0.3368715083798883 0.378125 0.3743016759776536
13 0.43125 0.13463687150837989 0.125 0.17541899441340783
6 0.46328125 0.3865921787709497 0.1890625 0.27262569832402234
7 0.184375 0.6977653631284916 0.36875 0.08379888268156424
5 0.184375 0.5949720670391061 0.36875 0.07039106145251396
2 0.184375 0.8614525139664805 0.36875 0.1787709497206704
4 0.63984375 0.6452513966480447 0.4734375 0.17094972067039105
13 0.965625 0.6932960893854748 0.06875 0.08156424581005586
1 0.9625 0.8335195530726257 0.075 0.16312849162011173
5 0.646875 0.8737430167597765 0.478125 0.25251396648044694