3 0.378125 0.041340782122905026 0.29375 0.08268156424581005
5 0.45625 0.3 0.446875 0.39888268156424583
13 0.07734375 0.3195530726256983 0.1546875 0.35977653631284917
4 0.33359375 0.9173184357541899 0.6609375 0.1653631284916201
5 0.33359375 0.658659217877095 0.6671875 0.31843575418994413
11 0.77421875 0.5441340782122905 0.1328125 0.0893854748603352
8 0.7734375 0.6044692737430167 0.1875 0.0223463687150838
9 0.77109375 0.6301675977653631 0.159375 0.01675977653631285
5 0.83984375 0.9134078212290503 0.3203125 0.17318435754189945
12 0.83984375 0.7899441340782123 0.3203125 0.053631284916201116
3 0.83984375 0.6608938547486034 0.3203125 0.034636871508379886