4 0.34921875 0.06983240223463687 0.2609375 0.13966480446927373
5 0.0828125 0.07094972067039106 0.165625 0.1418994413407821
13 0.1 0.29329608938547486 0.1421875 0.11396648044692738
6 0.296875 0.29608938547486036 0.1515625 0.11731843575418995
4 0.7671875 0.049720670391061456 0.465625 0.09944134078212291
5 0.76640625 0.20614525139664805 0.4671875 0.2
1 0.771875 0.3642458100558659 0.45625 0.09608938547486033
5 0.89453125 0.6078212290502794 0.2109375 0.2770949720670391
10 0.89375 0.8340782122905028 0.2125 0.15977653631284916
1 0.6421875 0.835195530726257 0.2515625 0.2681564245810056
2 0.64375 0.6502793296089385 0.2453125 0.07597765363128492
7 0.69765625 0.5586592178770949 0.1421875 0.07486033519553073