9 0.3484375 0.02346368715083799 0.146875 0.030167597765363128
12 0.35703125 0.1223463687150838 0.2609375 0.07039106145251396
13 0.3453125 0.253072625698324 0.2390625 0.12290502793296089
6 0.3 0.3983240223463687 0.1421875 0.09273743016759776
7 0.29765625 0.5229050279329609 0.1421875 0.09385474860335195
5 0.078125 0.29553072625698323 0.15625 0.3206703910614525
4 0.07578125 0.5212290502793296 0.1515625 0.09720670391061452
5 0.784375 0.14469273743016758 0.43125 0.28938547486033517
4 0.784375 0.4206703910614525 0.43125 0.16424581005586592
5 0.42421875 0.723463687150838 0.2890625 0.30726256983240224
4 0.428125 0.9581005586592178 0.28125 0.08379888268156424
13 0.05 0.9262569832402234 0.1 0.14748603351955308
12 0.10859375 0.6949720670391062 0.2171875 0.25027932960893856
5 0.784375 0.8022346368715084 0.43125 0.39553072625698327
3 0.784375 0.5782122905027933 0.43125 0.01675977653631285