5 0.2984375 0.35027932960893854 0.321875 0.5575418994413408
12 0.0375 0.3195530726256983 0.075 0.12290502793296089
9 0.2875 0.029608938547486034 0.34375 0.05921787709497207
8 0.70546875 0.013407821229050279 0.2140625 0.021229050279329607
3 0.86796875 0.3223463687150838 0.2640625 0.13966480446927373
12 0.7296875 0.47094972067039104 0.540625 0.10614525139664804
5 0.7296875 0.575977653631285 0.540625 0.10614525139664804
11 0.70703125 0.15307262569832403 0.2796875 0.2111731843575419
3 0.2875 0.7675977653631285 0.171875 0.2770949720670391
13 0.3203125 0.958659217877095 0.234375 0.08268156424581005
5 0.06640625 0.8569832402234637 0.1328125 0.2860335195530726
4 0.7296875 0.6854748603351956 0.540625 0.11284916201117319
13 0.7296875 0.8212290502793296 0.540625 0.14748603351955308
7 0.7296875 0.9430167597765363 0.540625 0.08491620111731843