5 0.18984375 0.06424581005586592 0.3796875 0.12849162011173185
13 0.16015625 0.24860335195530725 0.3203125 0.15307262569832403
4 0.18984375 0.47094972067039104 0.3796875 0.20670391061452514
6 0.18984375 0.6335195530726258 0.3796875 0.05139664804469274
12 0.6671875 0.2435754189944134 0.575 0.06256983240223464
4 0.64296875 0.3396648044692737 0.5265625 0.1005586592178771
5 0.5375 0.46089385474860334 0.315625 0.11731843575418995
10 0.665625 0.6083798882681565 0.571875 0.1418994413407821
11 0.81328125 0.11675977653631285 0.19375 0.15418994413407822
8 0.0921875 0.6854748603351956 0.184375 0.012290502793296089
3 0.18984375 0.7446927374301676 0.3796875 0.10614525139664804
4 0.18984375 0.9256983240223464 0.3796875 0.14860335195530727