12 0.18984375 0.12067039106145251 0.2546875 0.1564245810055866
4 0.45546875 0.19497206703910613 0.1078125 0.08603351955307263
1 0.45390625 0.3687150837988827 0.1109375 0.16312849162011173
13 0.1921875 0.35027932960893854 0.2625 0.21564245810055865
3 0.54140625 0.16312849162011173 0.0640625 0.1653631284916201
12 0.56328125 0.33743016759776534 0.1078125 0.11396648044692738
5 0.83984375 0.2698324022346369 0.3203125 0.39888268156424583
12 0.2546875 0.5150837988826815 0.509375 0.0893854748603352
5 0.25546875 0.7748603351955308 0.5078125 0.3318435754189944
4 0.80546875 0.6039106145251396 0.3890625 0.19329608938547485
5 0.80546875 0.8709497206703911 0.3890625 0.2581005586592179