5 0.34609375 0.07877094972067039 0.2265625 0.15754189944134078
4 0.3453125 0.24860335195530725 0.228125 0.16871508379888267
7 0.10234375 0.30614525139664805 0.2046875 0.0670391061452514
13 0.10390625 0.1558659217877095 0.2078125 0.22905027932960895
13 0.084375 0.019553072625698324 0.16875 0.03910614525139665
8 0.7296875 0.012849162011173185 0.540625 0.02569832402234637
5 0.6765625 0.19441340782122904 0.35625 0.2905027932960894
8 0.24453125 0.4245810055865922 0.371875 0.09832402234636871
9 0.15546875 0.49441340782122906 0.190625 0.02905027932960894
5 0.25859375 0.6821229050279329 0.4015625 0.27150837988826815
4 0.25 0.9458100558659218 0.378125 0.10837988826815642
8 0.89453125 0.3513966480446927 0.2109375 0.02346368715083799
3 0.89921875 0.40893854748603353 0.2015625 0.08044692737430167
12 0.7296875 0.5262569832402234 0.540625 0.08491620111731843
13 0.7296875 0.6877094972067039 0.540625 0.19329608938547485
5 0.7296875 0.9072625698324023 0.540625 0.18547486033519553