12 0.225 0.14972067039106146 0.45 0.11620111731843576
4 0.12265625 0.323463687150838 0.2453125 0.19553072625698323
5 0.225 0.47430167597765366 0.45 0.07039106145251396
5 0.81953125 0.2547486033519553 0.3609375 0.5094972067039106
3 0.47265625 0.08435754189944134 0.0453125 0.16871508379888267
13 0.484375 0.23854748603351955 0.06875 0.07932960893854749
7 0.49609375 0.33854748603351953 0.0921875 0.04692737430167598
6 0.478125 0.42849162011173186 0.05625 0.061452513966480445
5 0.225 0.7787709497206704 0.45 0.4424581005586592
5 0.553125 0.8837988826815643 0.20625 0.2324022346368715
12 0.88203125 0.8474860335195531 0.2359375 0.16424581005586592
13 0.88203125 0.9698324022346368 0.2359375 0.060335195530726256
11 0.71640625 0.6067039106145251 0.3109375 0.19441340782122904