13 0.19921875 0.10670391061452514 0.3984375 0.15307262569832403
4 0.284375 0.32905027932960895 0.56875 0.20670391061452514
6 0.2828125 0.4776536312849162 0.565625 0.02346368715083799
12 0.89921875 0.07039106145251396 0.2015625 0.10726256983240223
4 0.89765625 0.2899441340782123 0.2046875 0.2871508379888268
8 0.06328125 0.6776536312849162 0.1265625 0.027932960893854747
9 0.028125 0.7072625698324022 0.05625 0.0223463687150838
12 0.18125 0.7849162011173184 0.3625 0.10167597765363129
4 0.27734375 0.9279329608938548 0.2109375 0.1441340782122905
12 0.6671875 0.658659217877095 0.196875 0.1553072625698324
4 0.925 0.7335195530726257 0.15 0.08603351955307263
1 0.9234375 0.9072625698324023 0.153125 0.16312849162011173
13 0.66953125 0.888268156424581 0.2015625 0.21452513966480447
3 0.66875 0.5078212290502794 0.2 0.03687150837988827