12 0.259375 0.06256983240223464 0.51875 0.0670391061452514
5 0.259375 0.2346368715083799 0.51875 0.24804469273743016
4 0.1265625 0.4195530726256983 0.253125 0.09944134078212291
13 0.90234375 0.04860335195530726 0.1953125 0.09720670391061452
6 0.9015625 0.39553072625698327 0.196875 0.1005586592178771
7 0.9015625 0.22290502793296088 0.196875 0.22905027932960895
5 0.64609375 0.11564245810055866 0.2546875 0.23128491620111732
4 0.57109375 0.3167597765363129 0.1046875 0.13519553072625698
3 0.36015625 0.6134078212290502 0.2484375 0.20558659217877095
11 0.07890625 0.570391061452514 0.1578125 0.2022346368715084
5 0.259375 0.8608938547486034 0.51875 0.2782122905027933
9 0.40625 0.4798882681564246 0.225 0.021229050279329607
4 0.66796875 0.8452513966480447 0.2984375 0.11508379888268157
5 0.759375 0.6608938547486034 0.48125 0.2446927374301676
1 0.6859375 0.9541899441340782 0.334375 0.09162011173184358