5 0.33359375 0.18659217877094972 0.4859375 0.37318435754189944
4 0.32890625 0.44581005586592176 0.478125 0.08715083798882682
1 0.32265625 0.5731843575418994 0.4734375 0.07150837988826815
8 0.115625 0.6463687150837989 0.2171875 0.0335195530726257
3 0.5984375 0.7569832402234636 0.0625 0.1106145251396648
13 0.6 0.9162011173184358 0.059375 0.16759776536312848
9 0.0484375 0.6715083798882682 0.0890625 0.02011173184357542
12 0.2359375 0.7726256983240224 0.471875 0.14860335195530727
5 0.23671875 0.9301675977653632 0.4734375 0.13966480446927373
12 0.75 0.6430167597765363 0.240625 0.06815642458100558
7 0.72421875 0.7541899441340782 0.1890625 0.10726256983240223
6 0.7515625 0.9106145251396648 0.24375 0.1787709497206704