8 0.209375 0.07262569832402235 0.2421875 0.0335195530726257
9 0.24921875 0.10223463687150838 0.1515625 0.0223463687150838
12 0.1125 0.21508379888268156 0.209375 0.11955307262569832
12 0.15078125 0.013966480446927373 0.3015625 0.027932960893854747
4 0.128125 0.3642458100558659 0.1875 0.1318435754189944
3 0.134375 0.5039106145251396 0.1765625 0.1329608938547486
1 0.3578125 0.3463687150837989 0.1703125 0.13966480446927373
5 0.35390625 0.5033519553072626 0.1765625 0.13854748603351955
13 0.34296875 0.6329608938547486 0.1421875 0.09273743016759776
6 0.11328125 0.6368715083798883 0.2203125 0.08491620111731843
5 0.7953125 0.7916201117318435 0.409375 0.2245810055865922
4 0.73203125 0.9659217877094972 0.2859375 0.06815642458100558