13 0.12890625 0.18547486033519553 0.2578125 0.13631284916201117
8 0.21171875 0.3407821229050279 0.2359375 0.026815642458100558
3 0.21015625 0.44078212290502794 0.2390625 0.07709497206703911
12 0.66484375 0.015083798882681564 0.6703125 0.030167597765363128
13 0.66015625 0.10167597765363129 0.6609375 0.1318435754189944
13 0.6515625 0.2670391061452514 0.4140625 0.19217877094972066
5 0.66484375 0.4301675977653631 0.6703125 0.09832402234636871
5 0.165625 0.635195530726257 0.328125 0.311731843575419
4 0.121875 0.9145251396648044 0.234375 0.17094972067039105
5 0.715625 0.7005586592178771 0.56875 0.4424581005586592
1 0.64765625 0.9692737430167597 0.4359375 0.061452513966480445
13 0.37734375 0.6681564245810055 0.0953125 0.16089385474860335
4 0.37421875 0.8374301675977653 0.0890625 0.15977653631284916