5 0.72421875 0.6955307262569832 0.4703125 0.5418994413407822
4 0.70703125 0.2698324022346369 0.43125 0.2905027932960894
11 0.2109375 0.15083798882681565 0.196875 0.17430167597765364
3 0.18125 0.33854748603351953 0.28125 0.07709497206703911
12 0.2375 0.46033519553072627 0.39375 0.1553072625698324
13 0.22578125 0.6519553072625698 0.41875 0.22569832402234638
9 0.2203125 0.2888268156424581 0.340625 0.021229050279329607
8 0.21171875 0.25977653631284914 0.184375 0.026815642458100558
12 0.7171875 0.06815642458100558 0.5234375 0.07709497206703911
7 0.22265625 0.9608938547486033 0.2578125 0.0782122905027933
7 0.22734375 0.8620111731843575 0.4109375 0.12960893854748604