8 0.69453125 0.06983240223463687 0.3828125 0.03798882681564246
9 0.69765625 0.1122905027932961 0.1328125 0.02905027932960894
4 0.65625 0.27262569832402234 0.434375 0.19329608938547485
5 0.6953125 0.582122905027933 0.5109375 0.34301675977653634
2 0.6875 0.8759776536312849 0.4953125 0.1776536312849162
3 0.17109375 0.2865921787709497 0.24375 0.18435754189944134
12 0.221875 0.49385474860335193 0.3390625 0.16089385474860335
13 0.16953125 0.7083798882681565 0.2484375 0.1329608938547486
7 0.16953125 0.7502793296089385 0.246875 0.042458100558659215
6 0.1328125 0.8491620111731844 0.1796875 0.06368715083798883
11 0.2078125 0.09888268156424582 0.265625 0.17988826815642459