5 0.5234375 0.0664804469273743 0.5125 0.1329608938547486
4 0.51875 0.25865921787709495 0.521875 0.17318435754189945
13 0.434375 0.4212290502793296 0.33125 0.08044692737430167
13 0.0953125 0.4519553072625698 0.190625 0.09497206703910614
3 0.0859375 0.056424581005586595 0.171875 0.07039106145251396
12 0.10078125 0.24860335195530725 0.2015625 0.23798882681564246
5 0.88984375 0.1452513966480447 0.2203125 0.2905027932960894
2 0.88984375 0.411731843575419 0.2203125 0.17541899441340783
3 0.91796875 0.7687150837988826 0.1640625 0.13631284916201117
13 0.91796875 0.9195530726256983 0.1640625 0.16089385474860335
11 0.93671875 0.5804469273743017 0.1265625 0.16201117318435754
8 0.95078125 0.6826815642458101 0.0984375 0.035754189944134075