5 0.6765625 0.5217877094972067 0.646875 0.3340782122905028
13 0.16171875 0.7106145251396648 0.2921875 0.1217877094972067
11 0.18359375 0.1011173184357542 0.2296875 0.19329608938547485
6 0.1671875 0.8877094972067039 0.29375 0.1877094972067039
3 0.15078125 0.39497206703910615 0.2984375 0.1653631284916201
8 0.16640625 0.2245810055865922 0.3015625 0.03687150837988827
12 0.16171875 0.5731843575418994 0.2984375 0.16201117318435754
4 0.675 0.8245810055865922 0.65 0.2770949720670391
9 0.17109375 0.2709497206703911 0.2359375 0.06368715083798883
5 0.66875 0.3039106145251397 0.596875 0.0670391061452514
2 0.6546875 0.22737430167597766 0.5734375 0.07932960893854749