5 0.26484375 0.06536312849162011 0.5296875 0.13072625698324022
4 0.26484375 0.23687150837988827 0.5296875 0.2011173184357542
8 0.74609375 0.07988826815642458 0.4328125 0.07486033519553073
3 0.61640625 0.25251396648044694 0.1734375 0.11620111731843576
12 0.8671875 0.25139664804469275 0.265625 0.11396648044692738
9 0.85 0.1340782122905028 0.2390625 0.02346368715083799
4 0.246875 0.7089385474860335 0.49375 0.11284916201117319
13 0.203125 0.8491620111731844 0.40625 0.08044692737430167
5 0.2453125 0.5139664804469274 0.490625 0.22793296089385476
4 0.76484375 0.5608938547486033 0.4703125 0.3217877094972067
5 0.76484375 0.8603351955307262 0.4703125 0.17653631284916202