5 0.32421875 0.15921787709497207 0.5109375 0.31843575418994413
4 0.35234375 0.3815642458100559 0.4546875 0.11508379888268157
5 0.78984375 0.12290502793296089 0.4203125 0.24581005586592178
5 0.78984375 0.3016759776536313 0.4203125 0.042458100558659215
13 0.6859375 0.3614525139664804 0.2125 0.061452513966480445
13 0.925 0.3843575418994413 0.15 0.10949720670391061
12 0.1921875 0.5217877094972067 0.384375 0.11396648044692738
5 0.19375 0.7569832402234636 0.3875 0.31843575418994413
3 0.50234375 0.48156424581005586 0.1546875 0.08491620111731843
13 0.50078125 0.6044692737430167 0.15625 0.13519553072625698
7 0.50234375 0.7508379888268156 0.1546875 0.14078212290502792
1 0.503125 0.8715083798882681 0.153125 0.08044692737430167
4 0.1859375 0.9659217877094972 0.371875 0.06815642458100558