8 0.2846666666666667 0.04288407163053723 0.25733333333333336 0.036757775683317624
9 0.30266666666666664 0.07587181903864279 0.29333333333333333 0.0235626767200754
12 0.3893333333333333 0.19698397737983034 0.5733333333333334 0.17342130065975495
3 0.812 0.3350612629594722 0.21866666666666668 0.23091423185673893
13 0.842 0.5131950989632422 0.2786666666666667 0.10273327049952875
6 0.8326666666666667 0.8628652214891611 0.2653333333333333 0.10084825636192271
7 0.836 0.6908576814326107 0.2693333333333333 0.2299717247879359
5 0.3393333333333333 0.49952874646559847 0.6626666666666666 0.3977379830348728
4 0.2673333333333333 0.7841658812441094 0.508 0.1357210179076343
13 0.248 0.9161168708765316 0.296 0.12064090480678605
11 0.842 0.10744580584354382 0.26266666666666666 0.1941564561734213