5 0.21953125 0.041340782122905026 0.4390625 0.08268156424581005
4 0.1734375 0.16815642458100558 0.346875 0.13519553072625698
13 0.11171875 0.2899441340782123 0.2234375 0.09944134078212291
1 0.21953125 0.4994413407821229 0.4390625 0.2569832402234637
7 0.1875 0.7044692737430167 0.375 0.09944134078212291
13 0.21953125 0.8262569832402235 0.4390625 0.09050279329608939
6 0.08125 0.9067039106145252 0.1625 0.05698324022346369
5 0.75234375 0.5569832402234637 0.2890625 0.3106145251396648
6 0.725 0.9391061452513967 0.2390625 0.10391061452513967
12 0.54765625 0.3575418994413408 0.2171875 0.035754189944134075
4 0.46875 0.7385474860335196 0.059375 0.15195530726256984
13 0.4921875 0.911731843575419 0.10625 0.1452513966480447