12 0.30625 0.07374301675977654 0.6125 0.09162011173184358
4 0.30390625 0.2223463687150838 0.6078125 0.1877094972067039
5 0.26328125 0.4245810055865922 0.5265625 0.18994413407821228
13 0.278125 0.5815642458100558 0.55625 0.09273743016759776
5 0.85 0.253072625698324 0.3 0.3340782122905028
12 0.85 0.05195530726256983 0.3 0.07039106145251396
4 0.7921875 0.47430167597765366 0.184375 0.07932960893854749
13 0.85 0.575977653631285 0.3 0.12625698324022347
4 0.85 0.946927374301676 0.3 0.10614525139664804
12 0.85 0.8458100558659218 0.3 0.08715083798882682
8 0.7359375 0.6960893854748603 0.071875 0.09385474860335195