5 0.409375 0.16368715083798882 0.3 0.32737430167597764
13 0.4078125 0.41787709497206704 0.303125 0.12290502793296089
7 0.4078125 0.523463687150838 0.303125 0.03240223463687151
12 0.09375 0.4301675977653631 0.1875 0.18100558659217877
3 0.075 0.15810055865921788 0.15 0.2581005586592179
13 0.46875 0.7776536312849162 0.18125 0.37988826815642457
9 0.14375 0.5486033519553073 0.2875 0.017877094972067038
12 0.1578125 0.6145251396648045 0.315625 0.06256983240223464
4 0.15625 0.7094972067039106 0.3125 0.10726256983240223
5 0.1515625 0.8273743016759777 0.303125 0.10837988826815642
10 0.11953125 0.9497206703910615 0.2390625 0.1005586592178771
5 0.81171875 0.6759776536312849 0.2640625 0.27262569832402234
13 0.8890625 0.8726256983240224 0.221875 0.09385474860335195
3 0.83828125 0.9899441340782122 0.3234375 0.02011173184357542