5 0.08828125 0.1787709497206704 0.1765625 0.3575418994413408
6 0.340625 0.4541899441340782 0.21875 0.0659217877094972
13 0.33828125 0.27541899441340784 0.2234375 0.2581005586592179
7 0.30390625 0.06424581005586592 0.1515625 0.12849162011173185
8 0.91328125 0.034636871508379886 0.1734375 0.035754189944134075
12 0.9015625 0.11843575418994413 0.196875 0.08715083798882682
5 0.59609375 0.4731843575418994 0.2578125 0.07262569832402235
4 0.59453125 0.2011173184357542 0.2546875 0.4022346368715084
11 0.9125 0.36703910614525137 0.175 0.24692737430167597
5 0.225 0.7899441340782123 0.45 0.4201117318435754
12 0.225 0.5424581005586592 0.45 0.0659217877094972
4 0.725 0.5932960893854748 0.55 0.10949720670391061
7 0.50625 0.7078212290502793 0.1125 0.0659217877094972
5 0.721875 0.8810055865921788 0.54375 0.23798882681564246