8 0.1203125 0.04357541899441341 0.2109375 0.0659217877094972
9 0.11640625 0.10391061452513967 0.203125 0.03910614525139665
12 0.64609375 0.0664804469273743 0.66875 0.11173184357541899
5 0.64609375 0.3452513966480447 0.6734375 0.42793296089385474
4 0.61484375 0.6106145251396649 0.60625 0.07486033519553073
1 0.646875 0.6960893854748603 0.6625 0.06815642458100558
3 0.1359375 0.4206703910614525 0.246875 0.17653631284916202
13 0.14140625 0.6111731843575419 0.26875 0.18324022346368715
13 0.1515625 0.7899441340782123 0.278125 0.1430167597765363
7 0.1453125 0.9212290502793297 0.2671875 0.0893854748603352
11 0.14921875 0.22905027932960895 0.2625 0.19106145251396647