5 0.24296875 0.13966480446927373 0.4703125 0.27932960893854747
12 0.625 0.08826815642458101 0.16875 0.17653631284916202
6 0.6265625 0.23184357541899442 0.165625 0.09497206703910614
13 0.8546875 0.13966480446927373 0.290625 0.27932960893854747
4 0.2734375 0.34804469273743016 0.546875 0.13743016759776536
5 0.28671875 0.6770949720670391 0.5734375 0.5094972067039106
13 0.6484375 0.6614525139664804 0.121875 0.547486033519553
5 0.84375 0.6418994413407821 0.26875 0.17541899441340783
4 0.8375 0.8402234636871508 0.25625 0.17430167597765364
12 0.8421875 0.5 0.265625 0.08826815642458101
3 0.80546875 0.39106145251396646 0.1921875 0.042458100558659215