4 0.396875 0.12290502793296089 0.465625 0.11396648044692738
13 0.32890625 0.2631284916201117 0.3375 0.11396648044692738
5 0.81484375 0.16424581005586592 0.3703125 0.3128491620111732
13 0.78125 0.3804469273743017 0.303125 0.11731843575418995
5 0.49609375 0.7050279329608938 0.2671875 0.34413407821229053
4 0.49140625 0.9480446927374302 0.2765625 0.10391061452513967
7 0.16015625 0.8284916201117318 0.303125 0.10614525139664804
12 0.496875 0.46983240223463685 0.265625 0.061452513966480445
3 0.12734375 0.5463687150837989 0.2359375 0.21452513966480447
6 0.07578125 0.7106145251396648 0.1390625 0.10726256983240223
5 0.875 0.8983240223463688 0.25 0.20335195530726258
9 0.78984375 0.7223463687150838 0.3203125 0.021229050279329607
12 0.90703125 0.524022346368715 0.1859375 0.0782122905027933
3 0.81484375 0.753072625698324 0.3703125 0.0223463687150838