5 0.3328125 0.20446927374301677 0.571875 0.40893854748603353
4 0.33359375 0.46089385474860334 0.5703125 0.07486033519553073
1 0.3359375 0.5307262569832403 0.565625 0.03798882681564246
9 0.3375 0.5692737430167598 0.28125 0.03798882681564246
12 0.37265625 0.693854748603352 0.35 0.10726256983240223
5 0.3765625 0.829050279329609 0.35 0.1340782122905028
4 0.328125 0.9597765363128492 0.265625 0.08044692737430167
13 0.09140625 0.9418994413407821 0.1828125 0.11620111731843576
3 0.06875 0.7513966480446927 0.1375 0.19776536312849163
11 0.07109375 0.5921787709497207 0.1421875 0.08491620111731843
9 0.73359375 0.6134078212290502 0.2296875 0.08491620111731843
5 0.809375 0.8402234636871508 0.38125 0.3195530726256983