9 0.26015625 0.008938547486033519 0.5171875 0.017877094972067038
12 0.40078125 0.20391061452513967 0.5578125 0.17541899441340783
5 0.40078125 0.41396648044692735 0.5578125 0.19106145251396647
5 0.83984375 0.4072625698324022 0.3203125 0.16424581005586592
4 0.83984375 0.2569832402234637 0.3203125 0.10502793296089385
9 0.76953125 0.14078212290502792 0.1796875 0.053631284916201116
3 0.7484375 0.07206703910614524 0.1375 0.06815642458100558
4 0.4921875 0.6731843575418994 0.375 0.07486033519553073
1 0.49453125 0.7581005586592179 0.3703125 0.06815642458100558
3 0.1296875 0.5402234636871508 0.246875 0.061452513966480445
13 0.13515625 0.6737430167597765 0.26875 0.18324022346368715
13 0.1453125 0.852513966480447 0.278125 0.1430167597765363
7 0.13828125 0.9692737430167597 0.2671875 0.061452513966480445