5 0.3796875 0.17206703910614526 0.3 0.21452513966480447
3 0.05078125 0.18044692737430168 0.1015625 0.19776536312849163
8 0.4140625 0.4072625698324022 0.23125 0.02569832402234637
12 0.4125 0.48044692737430167 0.234375 0.04692737430167598
3 0.30703125 0.5597765363128492 0.4453125 0.024581005586592177
4 0.1796875 0.6854748603351956 0.2625 0.1776536312849162
5 0.4390625 0.7541899441340782 0.18125 0.31508379888268156
6 0.41328125 0.9675977653631285 0.1296875 0.06480446927374302
13 0.1703125 0.840782122905028 0.25 0.11843575418994413
7 0.1125 0.9592178770949721 0.128125 0.08156424581005586
9 0.39765625 0.4340782122905028 0.196875 0.01899441340782123
11 0.15078125 0.44692737430167595 0.1921875 0.1329608938547486
5 0.9390625 0.6748603351955307 0.121875 0.25027932960893856
3 0.6515625 0.7553072625698324 0.23125 0.2011173184357542
12 0.940625 0.346927374301676 0.11875 0.13072625698324022
4 0.93828125 0.8592178770949721 0.1234375 0.0782122905027933
13 0.94375 0.48547486033519555 0.1125 0.09497206703910614
1 0.9359375 0.9530726256983241 0.128125 0.09385474860335195
11 0.665625 0.49385474860335193 0.271875 0.20782122905027933
7 0.625 0.9150837988826815 0.171875 0.09273743016759776
8 0.66796875 0.3223463687150838 0.2578125 0.06927374301675977