3 0.53828125 0.015083798882681564 0.1421875 0.030167597765363128
13 0.53984375 0.16759776536312848 0.1390625 0.2346368715083799
12 0.1859375 0.03240223463687151 0.371875 0.06480446927374302
5 0.18671875 0.31229050279329607 0.3734375 0.4681564245810056
5 0.7890625 0.12960893854748604 0.359375 0.25921787709497207
10 0.7859375 0.3 0.353125 0.07262569832402235
13 0.65390625 0.37094972067039106 0.0890625 0.0670391061452514
2 0.76796875 0.48659217877094973 0.3171875 0.15754189944134078
8 0.3046875 0.6111731843575419 0.609375 0.042458100558659215
9 0.33046875 0.676536312849162 0.2953125 0.02011173184357542
12 0.21484375 0.8346368715083798 0.215625 0.07709497206703911
3 0.465625 0.8335195530726257 0.2015625 0.07709497206703911
5 0.15546875 0.9770949720670391 0.3109375 0.04581005586592179
3 0.8046875 0.6636871508379888 0.390625 0.14748603351955308
5 0.8046875 0.8815642458100559 0.390625 0.23687150837988827