9 0.07421875 0.0111731843575419 0.1484375 0.0223463687150838
12 0.18828125 0.13631284916201117 0.3765625 0.10726256983240223
13 0.1578125 0.36201117318435755 0.315625 0.22346368715083798
7 0.15390625 0.6139664804469274 0.3078125 0.13743016759776536
11 0.37890625 0.024581005586592177 0.2015625 0.049162011173184354
10 0.73984375 0.4541899441340782 0.5203125 0.2871508379888268
5 0.73984375 0.20391061452513967 0.5203125 0.16871508379888267
12 0.73984375 0.6329608938547486 0.5203125 0.09050279329608939
4 0.73984375 0.055865921787709494 0.5203125 0.11173184357541899
2 0.73984375 0.7229050279329609 0.5203125 0.053631284916201116
3 0.7859375 0.911731843575419 0.428125 0.07150837988826815
9 0.7796875 0.8284916201117318 0.275 0.04357541899441341