12 0.1953125 0.03407821229050279 0.246875 0.06815642458100558
3 0.20703125 0.19888268156424582 0.2234375 0.11173184357541899
4 0.20234375 0.3335195530726257 0.2328125 0.1441340782122905
1 0.19921875 0.4731843575418994 0.2390625 0.10167597765363129
13 0.26015625 0.5905027932960893 0.1171875 0.1106145251396648
9 0.74140625 0.008379888268156424 0.3953125 0.01675977653631285
5 0.659375 0.09106145251396648 0.68125 0.13072625698324022
1 0.659375 0.24022346368715083 0.68125 0.16089385474860335
10 0.659375 0.37318435754189944 0.68125 0.10279329608938548
5 0.659375 0.5379888268156424 0.68125 0.2223463687150838
5 0.2390625 0.7229050279329609 0.159375 0.14748603351955308
2 0.23359375 0.9134078212290503 0.1703125 0.17318435754189945
1 0.01484375 0.8044692737430168 0.0296875 0.1340782122905028
6 0.01875 0.946927374301676 0.0375 0.10614525139664804
13 0.44140625 0.740782122905028 0.2453125 0.18324022346368715
7 0.41171875 0.9536312849162011 0.1859375 0.061452513966480445
5 0.7828125 0.7513966480446927 0.434375 0.20446927374301677
4 0.78125 0.924022346368715 0.4375 0.10726256983240223