4 0.2734375 0.10502793296089385 0.171875 0.2100558659217877
5 0.21484375 0.36201117318435755 0.2890625 0.2748603351955307
4 0.50078125 0.3435754189944134 0.2828125 0.2223463687150838
8 0.60625 0.07653631284916201 0.403125 0.11620111731843576
7 0.86640625 0.4692737430167598 0.1828125 0.060335195530726256
13 0.8546875 0.33910614525139665 0.159375 0.1564245810055866
3 0.66796875 0.16089385474860335 0.6171875 0.035754189944134075
9 0.52890625 0.2022346368715084 0.3390625 0.02905027932960894
12 0.2578125 0.5262569832402234 0.203125 0.053631284916201116
4 0.11640625 0.7039106145251397 0.2328125 0.20558659217877095
13 0.196875 0.9016759776536313 0.325 0.12513966480446928