12 0.2234375 0.056424581005586595 0.43125 0.07262569832402235
5 0.221875 0.24804469273743016 0.434375 0.27932960893854747
4 0.2234375 0.4893854748603352 0.43125 0.14078212290502792
5 0.87578125 0.22960893854748604 0.2484375 0.30726256983240224
13 0.8703125 0.4798882681564246 0.259375 0.15977653631284916
12 0.578125 0.12513966480446928 0.278125 0.10949720670391061
4 0.55625 0.2810055865921788 0.234375 0.2022346368715084
10 0.57109375 0.4692737430167598 0.2640625 0.18100558659217877
8 0.54140625 0.653072625698324 0.2046875 0.021229050279329607
12 0.54609375 0.8145251396648044 0.2140625 0.2547486033519553
4 0.821875 0.8022346368715084 0.2765625 0.23575418994413408
11 0.50234375 0.5888268156424581 0.1109375 0.05810055865921788