8 0.3703125 0.017318435754189943 0.11875 0.034636871508379886
9 0.25546875 0.06089385474860335 0.065625 0.02346368715083799
3 0.11328125 0.1670391061452514 0.2203125 0.08379888268156424
3 0.36328125 0.06312849162011173 0.1328125 0.02346368715083799
8 0.64453125 0.11620111731843576 0.1265625 0.053631284916201116
9 0.65390625 0.15251396648044693 0.1453125 0.01899441340782123
12 0.6765625 0.19329608938547485 0.196875 0.03128491620111732
3 0.88515625 0.1463687150837989 0.1703125 0.12513966480446928
3 0.503125 0.23743016759776536 0.146875 0.05698324022346369
4 0.5265625 0.3905027932960894 0.19375 0.22905027932960895
7 0.8375 0.33743016759776534 0.325 0.12960893854748604
13 0.81875 0.4681564245810056 0.28125 0.08156424581005586
1 0.82421875 0.6083798882681565 0.303125 0.16424581005586592
2 0.8 0.7921787709497207 0.2578125 0.16759776536312848
5 0.53125 0.7122905027932961 0.203125 0.38100558659217876
6 0.50234375 0.9614525139664805 0.1453125 0.07709497206703911
11 0.9421875 0.22793296089385476 0.115625 0.03798882681564246