13 0.8140625 0.3452513966480447 0.271875 0.38100558659217876
4 0.33515625 0.2698324022346369 0.5546875 0.10167597765363129
7 0.778125 0.5994413407821229 0.21875 0.12625698324022347
11 0.1296875 0.0888268156424581 0.146875 0.10279329608938548
3 0.7953125 0.08212290502793296 0.246875 0.08715083798882682
3 0.77265625 0.8458100558659218 0.2015625 0.054748603351955305
5 0.328125 0.3972067039106145 0.5359375 0.11396648044692738
12 0.3390625 0.18212290502793296 0.55625 0.06368715083798883
1 0.76953125 0.7039106145251397 0.1953125 0.05810055865921788
9 0.4 0.10223463687150838 0.365625 0.03910614525139665
8 0.2765625 0.06536312849162011 0.1125 0.01564245810055866
6 0.7921875 0.7776536312849162 0.2375 0.054748603351955305
2 0.271875 0.735195530726257 0.41875 0.25921787709497207
10 0.315625 0.524022346368715 0.50625 0.13854748603351955
0 0.30625 0.9301675977653632 0.5 0.1005586592178771