5 0.12265625 0.13072625698324022 0.2453125 0.26145251396648045
4 0.11484375 0.4251396648044693 0.2296875 0.264804469273743
7 0.1015625 0.6044692737430167 0.203125 0.049162011173184354
3 0.365625 0.048044692737430165 0.19375 0.09608938547486033
13 0.36328125 0.24134078212290502 0.1890625 0.1877094972067039
7 0.36328125 0.44078212290502794 0.1890625 0.10837988826815642
4 0.7625 0.5016759776536313 0.475 0.24804469273743016
5 0.7640625 0.17262569832402236 0.471875 0.3452513966480447
8 0.8046875 0.6324022346368715 0.215625 0.0067039106145251395
3 0.84921875 0.7128491620111732 0.3015625 0.13631284916201117
4 0.79609375 0.9139664804469274 0.4078125 0.17206703910614526
12 0.359375 0.9418994413407821 0.18125 0.09162011173184358