8 0.1171875 0.07597765363128492 0.234375 0.035754189944134075
9 0.134375 0.16201117318435754 0.26875 0.08268156424581005
7 0.14140625 0.4094972067039106 0.2828125 0.08603351955307263
12 0.13515625 0.27150837988826815 0.2703125 0.0446927374301676
13 0.14375 0.47262569832402235 0.2875 0.0335195530726257
3 0.54296875 0.07318435754189945 0.2265625 0.1463687150837989
7 0.49453125 0.2122905027932961 0.1296875 0.0893854748603352
13 0.53359375 0.3195530726256983 0.2078125 0.08715083798882682
6 0.48984375 0.4324022346368715 0.1203125 0.08491620111731843
13 0.853125 0.38491620111731845 0.29375 0.19106145251396647
4 0.84609375 0.16927374301675976 0.3078125 0.17318435754189945
12 0.71484375 0.547486033519553 0.5703125 0.03128491620111732
4 0.55703125 0.6206703910614525 0.2546875 0.10391061452513967
5 0.71484375 0.7720670391061453 0.5703125 0.1787709497206704
13 0.71484375 0.9346368715083799 0.5703125 0.13072625698324022
9 0.46953125 0.5217877094972067 0.0796875 0.024581005586592177