5 0.6265625 0.40279329608938547 0.628125 0.40782122905027934
8 0.5234375 0.10893854748603352 0.35625 0.07486033519553073
13 0.125 0.4642458100558659 0.2421875 0.11955307262569832
6 0.1328125 0.8189944134078212 0.24375 0.08156424581005586
13 0.0984375 0.6100558659217877 0.190625 0.10726256983240223
9 0.5953125 0.17206703910614526 0.5765625 0.02905027932960894
4 0.56875 0.8156424581005587 0.515625 0.2905027932960894
3 0.1125 0.3446927374301676 0.2125 0.09497206703910614
11 0.146875 0.1558659217877095 0.240625 0.17541899441340783
3 0.12109375 0.9206703910614525 0.225 0.06368715083798883
7 0.10078125 0.7318435754189944 0.19375 0.07262569832402235