5 0.42578125 0.09776536312849161 0.4859375 0.19553072625698323
13 0.0578125 0.055865921787709494 0.115625 0.11173184357541899
6 0.0625 0.39776536312849164 0.125 0.06256983240223464
13 0.03203125 0.19888268156424582 0.0640625 0.10726256983240223
4 0.425 0.34413407821229053 0.4875 0.16983240223463686
7 0.03359375 0.32011173184357544 0.0671875 0.07262569832402235
5 0.9046875 0.1005586592178771 0.190625 0.2011173184357542
4 0.90234375 0.31620111731843575 0.1953125 0.22569832402234638
13 0.7078125 0.18659217877094972 0.078125 0.29497206703910617
4 0.309375 0.5541899441340782 0.61875 0.25027932960893856
5 0.3078125 0.8452513966480447 0.615625 0.3094972067039106
13 0.834375 0.9385474860335196 0.33125 0.12290502793296089
4 0.834375 0.7843575418994413 0.33125 0.19217877094972066
13 0.834375 0.5553072625698324 0.33125 0.24804469273743016