8 0.0640625 0.0446927374301676 0.128125 0.03128491620111732
9 0.17265625 0.07039106145251396 0.3453125 0.0223463687150838
12 0.2796875 0.15810055865921788 0.559375 0.09944134078212291
5 0.33203125 0.2910614525139665 0.4546875 0.13743016759776536
9 0.65859375 0.035754189944134075 0.1984375 0.02905027932960894
5 0.896875 0.23854748603351955 0.20625 0.2424581005586592
4 0.63203125 0.23910614525139665 0.1453125 0.24134078212290502
9 0.1296875 0.4251396648044693 0.259375 0.027932960893854747
12 0.2796875 0.5424581005586592 0.559375 0.08603351955307263
5 0.2796875 0.7983240223463687 0.559375 0.4033519553072626
11 0.52109375 0.4346368715083799 0.0765625 0.12513966480446928
5 0.7796875 0.7854748603351955 0.440625 0.42905027932960893
12 0.7796875 0.5162011173184358 0.440625 0.10726256983240223
9 0.659375 0.4363128491620112 0.2 0.02569832402234637
8 0.7125 0.40279329608938547 0.30625 0.03240223463687151