5 0.171875 0.24748603351955306 0.34375 0.4949720670391061
4 0.571875 0.10726256983240223 0.20625 0.21452513966480447
5 0.86796875 0.16927374301675976 0.2640625 0.33854748603351953
3 0.5796875 0.30223463687150837 0.221875 0.13519553072625698
1 0.734375 0.4569832402234637 0.53125 0.16089385474860335
5 0.33359375 0.7698324022346369 0.2703125 0.46033519553072627
3 0.078125 0.6301675977653631 0.15625 0.1787709497206704
5 0.74453125 0.8888268156424581 0.5109375 0.2223463687150838
12 0.74375 0.6832402234636872 0.5125 0.15977653631284916
8 0.57109375 0.5469273743016759 0.1609375 0.01452513966480447
9 0.68203125 0.570391061452514 0.3828125 0.02346368715083799