9 0.37421875 0.02011173184357542 0.2703125 0.026815642458100558
4 0.37421875 0.16089385474860335 0.2703125 0.18994413407821228
5 0.37109375 0.46983240223463685 0.2765625 0.39888268156424583
3 0.10078125 0.21284916201117318 0.2015625 0.1776536312849162
13 0.10859375 0.4681564245810056 0.2171875 0.2860335195530726
11 0.09765625 0.048044692737430165 0.1953125 0.09608938547486033
3 0.0859375 0.729608938547486 0.171875 0.12067039106145251
13 0.025 0.9156424581005587 0.05 0.16871508379888267
5 0.38515625 0.7519553072625699 0.2484375 0.1653631284916201
4 0.38359375 0.9284916201117318 0.2515625 0.1430167597765363
13 0.62421875 0.7150837988826816 0.2296875 0.09162011173184358
5 0.7546875 0.8837988826815643 0.490625 0.2324022346368715