5 0.23984375 0.35698324022346367 0.4796875 0.42569832402234636
3 0.23984375 0.08212290502793296 0.4796875 0.07039106145251396
8 0.1921875 0.010614525139664804 0.384375 0.021229050279329607
9 0.20859375 0.02905027932960894 0.4171875 0.02011173184357542
5 0.73984375 0.11452513966480447 0.5203125 0.22905027932960895
4 0.6796875 0.2910614525139665 0.4 0.11731843575418995
2 0.73984375 0.40893854748603353 0.5203125 0.10502793296089385
13 0.73984375 0.5189944134078213 0.5203125 0.10167597765363129
5 0.3765625 0.6782122905027933 0.20625 0.21675977653631284
13 0.0359375 0.7642458100558659 0.071875 0.17653631284916202
12 0.1078125 0.6044692737430167 0.215625 0.06927374301675977
4 0.378125 0.912290502793296 0.203125 0.17541899441340783
7 0.1 0.9441340782122905 0.2 0.11173184357541899