12 0.21328125 0.08268156424581005 0.4265625 0.11620111731843576
3 0.55234375 0.0888268156424581 0.1546875 0.1776536312849162
13 0.55078125 0.2994413407821229 0.1578125 0.2122905027932961
13 0.553125 0.4748603351955307 0.153125 0.10726256983240223
7 0.52734375 0.5843575418994413 0.1046875 0.06927374301675977
5 0.2171875 0.39329608938547483 0.434375 0.45139664804469276
12 0.31484375 0.6944134078212291 0.6296875 0.15083798882681565
5 0.340625 0.8854748603351955 0.578125 0.22905027932960895
5 0.703125 0.6558659217877095 0.146875 0.07374301675977654
12 0.953125 0.7715083798882681 0.09375 0.2849162011173184
11 0.72265625 0.8564245810055866 0.1859375 0.2871508379888268