5 0.1796875 0.22346368715083798 0.359375 0.44692737430167595
4 0.1796875 0.5279329608938548 0.359375 0.14860335195530727
5 0.73359375 0.4184357541899441 0.5328125 0.38100558659217876
12 0.740625 0.10391061452513967 0.51875 0.20782122905027933
11 0.39375 0.07541899441340782 0.06875 0.15083798882681565
8 0.8 0.6871508379888268 0.1625 0.02905027932960894
3 0.95859375 0.6944134078212291 0.0828125 0.04357541899441341
9 0.7703125 0.705586592178771 0.109375 0.017877094972067038
5 0.8578125 0.882122905027933 0.284375 0.23575418994413408
12 0.6046875 0.8905027932960894 0.15 0.15754189944134078
11 0.6125 0.6960893854748603 0.171875 0.17430167597765364