12 0.08046875 0.18603351955307262 0.1609375 0.1888268156424581
5 0.31953125 0.19776536312849163 0.1984375 0.20335195530726258
3 0.25 0.034636871508379886 0.3375 0.06927374301675977
3 0.28671875 0.3106145251396648 0.2640625 0.0223463687150838
9 0.04296875 0.3547486033519553 0.0859375 0.04581005586592179
5 0.05859375 0.6849162011173184 0.1171875 0.6145251396648045
12 0.29921875 0.47374301675977654 0.2390625 0.19217877094972066
6 0.30078125 0.6268156424581005 0.2359375 0.09832402234636871
4 0.29375 0.7877094972067039 0.25 0.21899441340782122
1 0.2953125 0.9513966480446927 0.246875 0.09720670391061452
11 0.396875 0.44078212290502794 0.04375 0.10614525139664804