3 0.2859375 0.029608938547486034 0.165625 0.05921787709497207
13 0.31484375 0.18100558659217877 0.228125 0.2122905027932961
13 0.29921875 0.3463687150837989 0.1890625 0.08715083798882682
5 0.08125 0.21955307262569831 0.1625 0.3407821229050279
8 0.80546875 0.06256983240223464 0.3890625 0.0446927374301676
9 0.72578125 0.10279329608938548 0.5484375 0.026815642458100558
4 0.74921875 0.23687150837988827 0.5015625 0.18994413407821228
5 0.5 0.575977653631285 0.121875 0.2916201117318436
13 0.79375 0.5223463687150838 0.4125 0.1888268156424581
4 0.50078125 0.8396648044692737 0.1234375 0.19106145251396647
10 0.79375 0.7184357541899441 0.4125 0.16089385474860335
7 0.65625 0.9597765363128492 0.121875 0.08044692737430167
2 0.75859375 0.8614525139664805 0.3328125 0.06815642458100558