5 0.23984375 0.18435754189944134 0.4796875 0.3687150837988827
4 0.23984375 0.4374301675977654 0.4796875 0.12402234636871508
3 0.5421875 0.031843575418994415 0.125 0.06368715083798883
6 0.50078125 0.3525139664804469 0.0421875 0.1664804469273743
4 0.84609375 0.20614525139664805 0.3078125 0.1463687150837989
13 0.84453125 0.36312849162011174 0.3109375 0.16759776536312848
1 0.84375 0.47262569832402235 0.3125 0.053631284916201116
4 0.43125 0.5776536312849162 0.096875 0.1564245810055866
13 0.43125 0.7921787709497207 0.096875 0.22793296089385476
6 0.1328125 0.8441340782122905 0.265625 0.06368715083798883
5 0.10859375 0.6843575418994413 0.2171875 0.20670391061452514
3 0.128125 0.5217877094972067 0.25625 0.0446927374301676
11 0.83515625 0.5502793296089385 0.3171875 0.10167597765363129
5 0.73984375 0.8396648044692737 0.5203125 0.3206703910614525
12 0.73984375 0.6346368715083799 0.5203125 0.0782122905027933