5 0.3296875 0.12569832402234637 0.65 0.25139664804469275
4 0.25078125 0.33128491620111733 0.5015625 0.09720670391061452
4 0.7734375 0.08044692737430167 0.1875 0.16089385474860335
13 0.7953125 0.2687150837988827 0.146875 0.16312849162011173
5 0.428125 0.5150837988826815 0.503125 0.27039106145251396
10 0.43046875 0.758659217877095 0.4984375 0.20558659217877095
1 0.43046875 0.9335195530726257 0.4984375 0.1329608938547486
13 0.0734375 0.6944134078212291 0.146875 0.23798882681564246
3 0.0734375 0.4720670391061452 0.146875 0.18435754189944134
5 0.77265625 0.5039106145251396 0.1859375 0.24804469273743016
4 0.778125 0.7603351955307263 0.196875 0.21787709497206703