10 0.4625 0.2446927374301676 0.453125 0.4893854748603352
5 0.103125 0.4340782122905028 0.20625 0.08379888268156424
13 0.103125 0.05865921787709497 0.20625 0.11731843575418995
13 0.07109375 0.24581005586592178 0.1421875 0.2636871508379888
5 0.5109375 0.7368715083798882 0.35625 0.4949720670391061
8 0.11171875 0.6027932960893855 0.2234375 0.05027932960893855
12 0.1421875 0.8832402234636871 0.284375 0.2335195530726257
3 0.13984375 0.6743016759776537 0.2796875 0.07932960893854749
11 0.13515625 0.5206703910614525 0.2109375 0.06256983240223464
5 0.834375 0.8217877094972067 0.290625 0.3564245810055866
4 0.8125 0.5692737430167598 0.246875 0.14860335195530727