5 0.1625 0.12513966480446928 0.19375 0.15195530726256984
13 0.15703125 0.27206703910614527 0.2046875 0.09720670391061452
12 0.40625 0.10614525139664804 0.29375 0.12067039106145251
4 0.7984375 0.15307262569832403 0.403125 0.2122905027932961
5 0.7984375 0.35083798882681566 0.403125 0.13631284916201117
13 0.34609375 0.3111731843575419 0.1734375 0.21564245810055865
4 0.125 0.5424581005586592 0.25 0.18435754189944134
5 0.1296875 0.8201117318435754 0.259375 0.35977653631284917
3 0.1296875 0.43575418994413406 0.259375 0.0335195530726257
5 0.7375 0.5888268156424581 0.440625 0.3396648044692737
4 0.72734375 0.8977653631284916 0.4140625 0.20446927374301677
3 0.30625 0.44692737430167595 0.09375 0.055865921787709494
13 0.35 0.7089385474860335 0.18125 0.20446927374301677
6 0.34609375 0.8664804469273742 0.1734375 0.07932960893854749