4 0.2796875 0.028491620111731845 0.559375 0.05698324022346369
5 0.2796875 0.18435754189944134 0.559375 0.18994413407821228
13 0.2796875 0.3575418994413408 0.559375 0.11173184357541899
6 0.2796875 0.47541899441340785 0.559375 0.06815642458100558
8 0.78125 0.025139664804469275 0.18125 0.024581005586592177
4 0.70859375 0.2424581005586592 0.2984375 0.17653631284916202
5 0.725 0.4324022346368715 0.33125 0.15418994413407822
9 0.84375 0.04692737430167598 0.3125 0.0223463687150838
11 0.61015625 0.05865921787709497 0.1015625 0.11731843575418995
5 0.31015625 0.6033519553072626 0.4984375 0.1877094972067039
4 0.28046875 0.7737430167597765 0.4265625 0.13072625698324022
13 0.24140625 0.8960893854748604 0.359375 0.10502793296089385
7 0.2046875 0.9776536312849162 0.275 0.0446927374301676