5 0.184375 0.1782122905027933 0.36875 0.3564245810055866
4 0.184375 0.4759776536312849 0.36875 0.16759776536312848
3 0.8671875 0.07709497206703911 0.2125 0.11843575418994413
9 0.50859375 0.057541899441340784 0.2796875 0.05251396648044693
13 0.87421875 0.43575418994413406 0.2390625 0.21340782122905028
7 0.8796875 0.22960893854748604 0.240625 0.14860335195530727
13 0.51640625 0.3223463687150838 0.2953125 0.34301675977653634
12 0.5140625 0.10335195530726257 0.290625 0.04581005586592179
5 0.184375 0.7698324022346369 0.36875 0.35977653631284917
7 0.3875 0.9229050279329609 0.0375 0.12067039106145251
3 0.44609375 0.6972067039106146 0.1546875 0.2748603351955307
5 0.80390625 0.7798882681564245 0.3921875 0.4402234636871508