7 0.08046875 0.3787709497206704 0.1609375 0.13631284916201117
3 0.11171875 0.23575418994413408 0.2234375 0.11396648044692738
5 0.41953125 0.2536312849162011 0.2390625 0.4558659217877095
11 0.10234375 0.06424581005586592 0.2046875 0.12849162011173185
8 0.078125 0.1553072625698324 0.15625 0.0223463687150838
9 0.3953125 0.0067039106145251395 0.19375 0.013407821229050279
12 0.76953125 0.03407821229050279 0.4609375 0.06815642458100558
3 0.809375 0.11452513966480447 0.38125 0.08603351955307263
10 0.590625 0.31564245810055863 0.103125 0.27150837988826815
4 0.8765625 0.2581005586592179 0.246875 0.1653631284916201
13 0.8953125 0.4173184357541899 0.209375 0.11284916201117319
7 0.89609375 0.506145251396648 0.2078125 0.04692737430167598