1 0.2625 0.18268156424581006 0.253125 0.11731843575418995
4 0.26171875 0.411731843575419 0.2546875 0.2916201117318436
5 0.496875 0.3994413407821229 0.215625 0.41899441340782123
3 0.475 0.12960893854748604 0.171875 0.08044692737430167
11 0.44609375 0.04078212290502793 0.1140625 0.08156424581005586
4 0.8609375 0.09776536312849161 0.278125 0.19553072625698323
13 0.859375 0.3547486033519553 0.28125 0.3005586592178771
0 0.85234375 0.5636871508379888 0.2953125 0.09050279329608939
4 0.18671875 0.7932960893854749 0.3734375 0.16089385474860335
1 0.15234375 0.9162011173184358 0.3046875 0.08044692737430167
12 0.15 0.6754189944134078 0.3 0.048044692737430165
9 0.05703125 0.635195530726257 0.1140625 0.02346368715083799
8 0.4359375 0.7804469273743017 0.09375 0.15754189944134078
9 0.41484375 0.9044692737430168 0.0515625 0.061452513966480445
5 0.81015625 0.6513966480446928 0.3796875 0.08491620111731843
4 0.7859375 0.8072625698324022 0.34375 0.1452513966480447
13 0.78515625 0.958659217877095 0.3265625 0.08268156424581005