3 0.0734375 0.2424581005586592 0.146875 0.11396648044692738
5 0.4015625 0.20614525139664805 0.35625 0.3474860335195531
11 0.0640625 0.06759776536312849 0.128125 0.13519553072625698
8 0.03984375 0.16201117318435754 0.0796875 0.0223463687150838
9 0.31875 0.01005586592178771 0.19375 0.02011173184357542
5 0.78984375 0.18994413407821228 0.4203125 0.37988826815642457
8 0.321875 0.394413407821229 0.490625 0.02905027932960894
12 0.3328125 0.5223463687150838 0.49375 0.08826815642458101
4 0.33359375 0.6675977653631285 0.4921875 0.18435754189944134
5 0.33359375 0.8927374301675978 0.4921875 0.21452513966480447
9 0.29609375 0.45251396648044695 0.4375 0.035754189944134075