5 0.259375 0.11452513966480447 0.51875 0.22905027932960895
4 0.246875 0.2871508379888268 0.49375 0.11620111731843576
2 0.259375 0.3994413407821229 0.51875 0.1106145251396648
5 0.85390625 0.30837988826815643 0.2921875 0.3418994413407821
3 0.5609375 0.21787709497206703 0.084375 0.14748603351955308
12 0.584375 0.38268156424581007 0.13125 0.1463687150837989
8 0.80859375 0.012849162011173185 0.2015625 0.02569832402234637
9 0.85546875 0.0776536312849162 0.2890625 0.02569832402234637
8 0.35703125 0.5022346368715084 0.1328125 0.04581005586592179
9 0.35078125 0.535195530726257 0.1140625 0.017877094972067038
12 0.109375 0.6815642458100558 0.21875 0.20558659217877095
5 0.40234375 0.7301675977653631 0.2328125 0.28044692737430166
3 0.0875 0.8972067039106145 0.175 0.14972067039106146
11 0.10703125 0.5206703910614525 0.1765625 0.08268156424581005