8 0.41035353535353536 0.08103448275862069 0.13383838383838384 0.06206896551724138
3 0.821969696969697 0.0853448275862069 0.2297979797979798 0.07413793103448275
9 0.4393939393939394 0.1206896551724138 0.18181818181818182 0.017241379310344827
12 0.1590909090909091 0.27241379310344827 0.2474747474747475 0.21724137931034482
3 0.1351010101010101 0.5025862068965518 0.1994949494949495 0.1879310344827586
7 0.16287878787878787 0.6844827586206896 0.25 0.11724137931034483
13 0.14646464646464646 0.8051724137931034 0.2222222222222222 0.06896551724137931
6 0.1351010101010101 0.8982758620689655 0.19444444444444445 0.06206896551724138
5 0.6654040404040404 0.3103448275862069 0.6338383838383839 0.27241379310344827
4 0.6603535353535354 0.6370689655172413 0.6388888888888888 0.3086206896551724
13 0.6628787878787878 0.8862068965517241 0.6237373737373737 0.11724137931034483