5 0.465625 0.17039106145251395 0.446875 0.3407821229050279
13 0.46640625 0.40893854748603353 0.4453125 0.1005586592178771
6 0.08671875 0.03687150837988827 0.1734375 0.07374301675977654
6 0.08515625 0.1888268156424581 0.1703125 0.19217877094972066
13 0.465625 0.506145251396648 0.446875 0.04692737430167598
4 0.83125 0.3458100558659218 0.284375 0.2022346368715084
8 0.9171875 0.1100558659217877 0.165625 0.03240223463687151
3 0.84453125 0.17374301675977655 0.3109375 0.027932960893854747
11 0.96015625 0.045251396648044694 0.0796875 0.09050279329608939
1 0.8359375 0.49329608938547487 0.29375 0.07262569832402235
9 0.93359375 0.1441340782122905 0.1328125 0.0335195530726257
13 0.94296875 0.7452513966480447 0.1140625 0.16089385474860335
13 0.94140625 0.9083798882681564 0.1171875 0.1318435754189944