5 0.21953125 0.34413407821229053 0.4390625 0.18994413407821228
4 0.21953125 0.11675977653631285 0.4390625 0.2335195530726257
7 0.3421875 0.8972067039106145 0.19375 0.12290502793296089
10 0.10390625 0.6893854748603352 0.2078125 0.2011173184357542
4 0.0921875 0.4960893854748603 0.184375 0.11396648044692738
13 0.34140625 0.5044692737430168 0.1953125 0.13072625698324022
8 0.57734375 0.5508379888268157 0.2765625 0.05810055865921788
9 0.46875 0.6262569832402235 0.059375 0.041340782122905026
3 0.6546875 0.6882681564245811 0.43125 0.0670391061452514
12 0.66015625 0.759217877094972 0.4421875 0.0659217877094972
4 0.6484375 0.8731843575418995 0.41875 0.15083798882681565