5 0.53125 0.34022346368715084 0.5375 0.3787709497206704
3 0.08671875 0.1782122905027933 0.1734375 0.0659217877094972
9 0.53671875 0.08156424581005586 0.5265625 0.05810055865921788
6 0.0859375 0.4910614525139665 0.171875 0.07709497206703911
11 0.071875 0.08156424581005586 0.121875 0.10614525139664804
7 0.04140625 0.32793296089385476 0.0828125 0.17541899441340783
8 0.3578125 0.03798882681564246 0.18125 0.02011173184357542
1 0.9 0.04189944134078212 0.2 0.08379888268156424
5 0.9 0.31843575418994413 0.2 0.4223463687150838
8 0.44140625 0.5363128491620112 0.4421875 0.013407821229050279
9 0.4421875 0.5541899441340782 0.15625 0.01452513966480447
3 0.453125 0.5776536312849162 0.625 0.03798882681564246
13 0.26953125 0.7307262569832402 0.5375 0.1452513966480447
5 0.4 0.9083798882681564 0.8 0.18324022346368715
10 0.93203125 0.7843575418994413 0.1359375 0.41787709497206704