5 0.4828125 0.23631284916201117 0.271875 0.3653631284916201
7 0.14453125 0.23128491620111732 0.2328125 0.12737430167597766
3 0.13515625 0.09385474860335195 0.2140625 0.11508379888268157
6 0.14921875 0.36089385474860336 0.259375 0.08044692737430167
11 0.1875 0.01564245810055866 0.171875 0.03128491620111732
13 0.7078125 0.2865921787709497 0.178125 0.16201117318435754
12 0.92578125 0.1659217877094972 0.1484375 0.09720670391061452
8 0.8171875 0.05307262569832402 0.365625 0.034636871508379886
3 0.70625 0.15977653631284916 0.175 0.08491620111731843
9 0.86875 0.07709497206703911 0.2625 0.02011173184357542
8 0.23984375 0.43798882681564244 0.3203125 0.03798882681564246
3 0.22578125 0.5312849162011173 0.2890625 0.07374301675977654
12 0.34765625 0.6787709497206704 0.5421875 0.17541899441340783
5 0.35 0.8843575418994414 0.5375 0.20446927374301677
4 0.809375 0.7335195530726257 0.38125 0.23575418994413408
5 0.809375 0.9324022346368716 0.38125 0.13519553072625698