4 0.41953125 0.588268156424581 0.2796875 0.1418994413407821
3 0.08203125 0.6318435754189944 0.1640625 0.054748603351955305
5 0.4140625 0.3011173184357542 0.290625 0.394413407821229
3 0.08984375 0.13128491620111732 0.1796875 0.0659217877094972
9 0.41953125 0.034636871508379886 0.2796875 0.05810055865921788
6 0.0890625 0.49385474860335193 0.178125 0.17653631284916202
11 0.07734375 0.04357541899441341 0.1203125 0.08715083798882682
7 0.04453125 0.2810055865921788 0.0890625 0.17541899441340783
13 0.23203125 0.6983240223463687 0.4640625 0.0782122905027933
13 0.21484375 0.8217877094972067 0.4296875 0.12849162011173185
5 0.83515625 0.8150837988826816 0.3296875 0.311731843575419
12 0.59921875 0.7960893854748603 0.0796875 0.2201117318435754