10 0.359375 0.34916201117318435 0.259375 0.15977653631284916
5 0.359375 0.12793296089385475 0.259375 0.2558659217877095
4 0.08671875 0.35810055865921786 0.1734375 0.1418994413407821
13 0.09609375 0.15251396648044693 0.1921875 0.22681564245810057
8 0.5875 0.0329608938547486 0.1234375 0.02905027932960894
9 0.5875 0.05698324022346369 0.090625 0.02346368715083799
12 0.58359375 0.13687150837988826 0.1671875 0.10614525139664804
3 0.55703125 0.27430167597765365 0.1109375 0.14078212290502792
13 0.590625 0.394413407821229 0.178125 0.06927374301675977
4 0.82265625 0.04078212290502793 0.2109375 0.08156424581005586
5 0.825 0.21899441340782122 0.2078125 0.2435754189944134
1 0.82421875 0.39497206703910615 0.2078125 0.06815642458100558
9 0.74453125 0.47653631284916204 0.5109375 0.09497206703910614
5 0.74453125 0.7687150837988826 0.5109375 0.46256983240223465