4 0.67109375 0.3614525139664804 0.6578125 0.28044692737430166
6 0.16171875 0.8435754189944135 0.3140625 0.16871508379888267
11 0.14765625 0.09944134078212291 0.2625 0.18659217877094972
3 0.121875 0.31508379888268156 0.24375 0.18324022346368715
8 0.659375 0.0446927374301676 0.40625 0.04581005586592179
5 0.6703125 0.7553072625698324 0.659375 0.4581005586592179
13 0.146875 0.6743016759776537 0.29375 0.1418994413407821
9 0.66640625 0.09608938547486033 0.40625 0.026815642458100558
7 0.1 0.5497206703910614 0.196875 0.02346368715083799
13 0.15 0.4620111731843575 0.2875 0.07374301675977654
12 0.7015625 0.15754189944134078 0.43125 0.08379888268156424