5 0.46171875 0.17988826815642459 0.3140625 0.35977653631284917
4 0.4703125 0.4670391061452514 0.296875 0.18547486033519553
13 0.11328125 0.19832402234636873 0.2265625 0.23575418994413408
3 0.09921875 0.031843575418994415 0.1984375 0.06368715083798883
7 0.115625 0.34804469273743016 0.23125 0.0670391061452514
6 0.12734375 0.4759776536312849 0.2546875 0.16759776536312848
5 0.89375 0.11899441340782123 0.2125 0.23798882681564246
10 0.896875 0.2787709497206704 0.20625 0.07262569832402235
13 0.89609375 0.34972067039106147 0.2078125 0.0670391061452514
2 0.8953125 0.4653631284916201 0.209375 0.15754189944134078
13 0.6703125 0.5139664804469274 0.103125 0.0893854748603352
3 0.64609375 0.13910614525139664 0.0546875 0.09497206703910614
12 0.671875 0.04022346368715084 0.10625 0.08044692737430167