6 0.14375 0.8055865921787709 0.2 0.07262569832402235
4 0.58828125 0.26145251396648045 0.528125 0.3039106145251397
3 0.15234375 0.288268156424581 0.2078125 0.12402234636871508
5 0.6359375 0.7770949720670391 0.640625 0.4223463687150838
10 0.55859375 0.4899441340782123 0.4859375 0.12625698324022347
11 0.1296875 0.11452513966480447 0.25 0.17094972067039105
8 0.4078125 0.024022346368715083 0.1796875 0.01675977653631285
7 0.0828125 0.4446927374301676 0.084375 0.15865921787709497
10 0.146875 0.6039106145251396 0.221875 0.13966480446927373
13 0.140625 0.7167597765363128 0.1953125 0.08044692737430167
12 0.6203125 0.07206703910614524 0.603125 0.05698324022346369