5 0.625 0.43910614525139663 0.6078125 0.6067039106145251
11 0.1625 0.11620111731843576 0.284375 0.19441340782122904
4 0.59609375 0.8675977653631285 0.5171875 0.2223463687150838
13 0.12734375 0.5810055865921788 0.2296875 0.23687150837988827
3 0.13046875 0.27262569832402234 0.2578125 0.10502793296089385
3 0.1109375 0.39217877094972065 0.2078125 0.10837988826815642
8 0.6296875 0.053631284916201116 0.60625 0.041340782122905026
7 0.13125 0.7301675977653631 0.23125 0.0670391061452514
6 0.1375 0.8782122905027933 0.265625 0.20670391061452514
3 0.92890625 0.9620111731843576 0.1125 0.07150837988826815
9 0.634375 0.10167597765363129 0.609375 0.027932960893854747
8 0.9296875 0.9245810055865922 0.1109375 0.01899441340782123