6 0.04296875 0.4541899441340782 0.0859375 0.07262569832402235
5 0.32890625 0.3972067039106145 0.3421875 0.3653631284916201
10 0.32890625 0.13854748603351955 0.3421875 0.12737430167597766
10 0.05 0.25251396648044694 0.1 0.13854748603351955
13 0.03984375 0.3653631284916201 0.0796875 0.08044692737430167
5 0.75 0.08603351955307263 0.5 0.17206703910614526
4 0.75 0.2759776536312849 0.5 0.16759776536312848
13 0.75 0.47039106145251397 0.5 0.18100558659217877
13 0.61328125 0.6039106145251396 0.2265625 0.048044692737430165
5 0.89296875 0.7899441340782123 0.2140625 0.4201117318435754
7 0.6140625 0.746927374301676 0.228125 0.04581005586592179
4 0.61171875 0.676536312849162 0.2234375 0.08156424581005586