10 0.31640625 0.49553072625698324 0.3046875 0.1888268156424581
13 0.07890625 0.44078212290502794 0.1578125 0.29832402234636873
5 0.31796875 0.2581005586592179 0.3015625 0.2547486033519553
3 0.06328125 0.22849162011173185 0.1265625 0.10167597765363129
11 0.04921875 0.07653631284916201 0.0984375 0.15307262569832403
8 0.346875 0.01564245810055866 0.24375 0.03128491620111732
12 0.30078125 0.08770949720670392 0.3359375 0.08826815642458101
5 0.72265625 0.14022346368715083 0.5078125 0.28044692737430166
4 0.7109375 0.41508379888268154 0.484375 0.19106145251396647
10 0.234375 0.6491620111731844 0.46875 0.11843575418994413
13 0.234375 0.8726256983240224 0.46875 0.2547486033519553
13 0.7984375 0.6670391061452514 0.403125 0.1318435754189944
13 0.85859375 0.8324022346368715 0.2828125 0.19217877094972066