4 0.625 0.7720670391061453 0.51875 0.19441340782122904
10 0.65234375 0.5363128491620112 0.5671875 0.2223463687150838
13 0.203125 0.4860335195530726 0.321875 0.3407821229050279
7 0.46640625 0.9312849162011173 0.1828125 0.09050279329608939
2 0.19921875 0.7776536312849162 0.3203125 0.20558659217877095
5 0.61171875 0.28212290502793297 0.478125 0.2547486033519553
3 0.18828125 0.25251396648044694 0.2859375 0.10167597765363129
11 0.18984375 0.09441340782122905 0.2265625 0.16424581005586592
8 0.6078125 0.036312849162011177 0.35625 0.03798882681564246
7 0.18046875 0.9307262569832402 0.3015625 0.07374301675977654
12 0.65234375 0.1111731843575419 0.6296875 0.08826815642458101