5 0.4671875 0.293854748603352 0.54375 0.36201117318435755
11 0.06875 0.0329608938547486 0.1375 0.0659217877094972
12 0.4546875 0.03519553072625698 0.51875 0.07039106145251396
13 0.053125 0.5022346368715084 0.10625 0.1553072625698324
3 0.05625 0.20726256983240224 0.1125 0.16424581005586592
4 0.46953125 0.5430167597765363 0.5390625 0.07374301675977654
6 0.8328125 0.49329608938547487 0.1875 0.17318435754189945
4 0.82265625 0.19217877094972066 0.1671875 0.3843575418994413
5 0.96640625 0.2519553072625698 0.0671875 0.5039106145251396
3 0.0921875 0.6318435754189944 0.184375 0.07486033519553073
12 0.36953125 0.7318435754189944 0.7390625 0.07597765363128492
12 0.36953125 0.8497206703910615 0.7390625 0.1441340782122905
11 0.67578125 0.6251396648044693 0.1265625 0.09050279329608939
5 0.86953125 0.7899441340782123 0.2609375 0.4201117318435754