4 0.18125 0.1782122905027933 0.3625 0.13519553072625698
5 0.209375 0.29832402234636873 0.41875 0.10279329608938548
7 0.8921875 0.09553072625698324 0.165625 0.18324022346368715
13 0.89375 0.2759776536312849 0.16875 0.14748603351955308
9 0.50390625 0.01452513966480447 0.1703125 0.02905027932960894
12 0.209375 0.40670391061452515 0.41875 0.05810055865921788
4 0.209375 0.5743016759776536 0.41875 0.24804469273743016
5 0.209375 0.8620111731843575 0.41875 0.2759776536312849
4 0.5125 0.4491620111731844 0.1875 0.19888268156424582
13 0.81796875 0.42960893854748605 0.3640625 0.15754189944134078
6 0.81796875 0.582122905027933 0.3640625 0.14078212290502792
5 0.81953125 0.7921787709497207 0.3609375 0.2636871508379888
1 0.5171875 0.6519553072625698 0.196875 0.18659217877094972
10 0.51640625 0.8424581005586592 0.1953125 0.16759776536312848