5 0.36796875 0.33519553072625696 0.3015625 0.6279329608938548
11 0.10546875 0.049162011173184354 0.2109375 0.09832402234636871
3 0.06875 0.19553072625698323 0.1375 0.06256983240223464
13 0.07265625 0.46256983240223465 0.1453125 0.06927374301675977
6 0.0484375 0.5754189944134078 0.096875 0.12960893854748604
7 0.0484375 0.3776536312849162 0.096875 0.08715083798882682
13 0.09375 0.28324022346368716 0.1875 0.09497206703910614
5 0.8609375 0.2245810055865922 0.278125 0.4223463687150838
4 0.86015625 0.5553072625698324 0.2796875 0.1877094972067039
3 0.56484375 0.12290502793296089 0.0921875 0.24581005586592178
13 0.5828125 0.364804469273743 0.128125 0.21787709497206703
6 0.5375 0.553072625698324 0.0375 0.12513966480446928