12 0.396875 0.2212290502793296 0.325 0.13631284916201117
5 0.39765625 0.435195530726257 0.3234375 0.26927374301675977
11 0.08125 0.07039106145251396 0.1625 0.14078212290502792
13 0.1015625 0.38379888268156426 0.203125 0.22681564245810057
9 0.40859375 0.056424581005586595 0.3015625 0.02569832402234637
3 0.09765625 0.20782122905027933 0.1953125 0.09385474860335195
8 0.4140625 0.01452513966480447 0.290625 0.02905027932960894
1 0.1046875 0.5402234636871508 0.209375 0.05921787709497207
3 0.38984375 0.12290502793296089 0.3390625 0.0446927374301676
8 0.59921875 0.1871508379888268 0.0796875 0.02346368715083799
12 0.871875 0.08379888268156424 0.25625 0.12737430167597766
5 0.86640625 0.3625698324022346 0.2671875 0.4145251396648045
3 0.60703125 0.31564245810055863 0.0953125 0.16424581005586592
9 0.59453125 0.20893854748603352 0.0703125 0.017877094972067038
12 0.6375 0.4871508379888268 0.15625 0.1653631284916201
11 0.59765625 0.08603351955307263 0.0765625 0.14748603351955308
5 0.7796875 0.835195530726257 0.440625 0.329608938547486