5 0.3484375 0.11284916201117319 0.4625 0.22569832402234638
4 0.259375 0.2988826815642458 0.2859375 0.0893854748603352
13 0.321875 0.41899441340782123 0.39375 0.1005586592178771
5 0.64140625 0.12681564245810056 0.1234375 0.2536312849162011
4 0.64296875 0.3642458100558659 0.1265625 0.2100558659217877
11 0.6453125 0.5636871508379888 0.13125 0.09050279329608939
8 0.65859375 0.6245810055865921 0.1578125 0.0223463687150838
9 0.65 0.6497206703910614 0.140625 0.01675977653631285
5 0.78984375 0.923463687150838 0.4203125 0.15307262569832403
12 0.78359375 0.8100558659217877 0.4078125 0.053631284916201116
3 0.78984375 0.6810055865921788 0.4203125 0.034636871508379886