4 0.66484375 0.8871508379888268 0.609375 0.16871508379888267
12 0.6609375 0.2620111731843575 0.646875 0.13743016759776536
5 0.65703125 0.5698324022346368 0.6359375 0.4581005586592179
11 0.14375 0.1 0.24375 0.16201117318435754
13 0.16953125 0.4245810055865922 0.2734375 0.22681564245810057
9 0.56875 0.09720670391061452 0.415625 0.02569832402234637
7 0.12734375 0.9251396648044693 0.1484375 0.10391061452513967
3 0.17421875 0.24860335195530725 0.2484375 0.09497206703910614
8 0.5375 0.05139664804469274 0.3296875 0.03687150837988827
1 0.16328125 0.6458100558659218 0.3 0.1888268156424581
3 0.6484375 0.16312849162011173 0.65 0.0446927374301676
2 0.16640625 0.8044692737430168 0.2890625 0.1217877094972067