5 0.20703125 0.22737430167597766 0.3453125 0.4547486033519553
8 0.359375 0.6106145251396649 0.040625 0.041340782122905026
12 0.32109375 0.6798882681564246 0.1171875 0.03687150837988827
3 0.25390625 0.753072625698324 0.2515625 0.024581005586592177
13 0.2421875 0.8748603351955307 0.25 0.15418994413407822
8 0.61640625 0.5631284916201117 0.315625 0.05810055865921788
9 0.61875 0.6122905027932961 0.11875 0.0335195530726257
12 0.61796875 0.794413407821229 0.265625 0.13631284916201117
7 0.61484375 0.9458100558659218 0.3328125 0.10837988826815642
5 0.9125 0.6195530726256984 0.175 0.3005586592178771
13 0.92421875 0.8972067039106145 0.1515625 0.20558659217877095