5 0.16484375 0.3307262569832402 0.3296875 0.41787709497206704
12 0.16484375 0.07709497206703911 0.3296875 0.0782122905027933
8 0.440625 0.09106145251396648 0.215625 0.09385474860335195
3 0.43125 0.28938547486033517 0.203125 0.23910614525139665
5 0.80078125 0.24804469273743016 0.3984375 0.4960893854748603
8 0.134375 0.588268156424581 0.20625 0.09385474860335195
12 0.0453125 0.7396648044692737 0.090625 0.14972067039106146
5 0.2421875 0.829050279329609 0.175 0.3418994413407821
13 0.0453125 0.9067039106145252 0.090625 0.17318435754189945
5 0.78984375 0.6966480446927374 0.4203125 0.3139664804469274
4 0.790625 0.9284916201117318 0.41875 0.1430167597765363
3 0.4109375 0.7167597765363128 0.1625 0.18659217877094972
13 0.38828125 0.8893854748603351 0.1171875 0.1430167597765363
11 0.43828125 0.5737430167597766 0.2171875 0.06815642458100558