10 0.1546875 0.34134078212290503 0.309375 0.13519553072625698
4 0.1546875 0.13798882681564245 0.309375 0.2
12 0.81015625 0.03910614525139665 0.3796875 0.0782122905027933
13 0.80390625 0.18212290502793296 0.3921875 0.11173184357541899
5 0.80546875 0.34972067039106147 0.3890625 0.11843575418994413
8 0.3671875 0.2966480446927374 0.115625 0.1106145251396648
9 0.41484375 0.3715083798882682 0.2109375 0.02569832402234637
11 0.415625 0.10782122905027933 0.2125 0.21564245810055865
5 0.08046875 0.6240223463687151 0.1609375 0.4301675977653631
4 0.2625 0.5245810055865922 0.09375 0.23128491620111732
2 0.2625 0.746927374301676 0.09375 0.16201117318435754
13 0.078125 0.923463687150838 0.15625 0.09944134078212291