5 0.378125 0.10782122905027933 0.34375 0.21564245810055865
4 0.37578125 0.3307262569832402 0.3484375 0.22569832402234638
13 0.071875 0.2011173184357542 0.14375 0.29497206703910617
6 0.03203125 0.42793296089385474 0.0640625 0.12290502793296089
3 0.18203125 0.5184357541899441 0.1640625 0.05810055865921788
4 0.1796875 0.7005586592178771 0.1578125 0.26256983240223464
5 0.44140625 0.7849162011173184 0.2171875 0.4301675977653631
13 0.1546875 0.9273743016759777 0.109375 0.1452513966480447
6 0.8625 0.8474860335195531 0.14375 0.19106145251396647
7 0.871875 0.5223463687150838 0.140625 0.0659217877094972
13 0.8734375 0.646927374301676 0.146875 0.1217877094972067