2 0.19921875 0.7737430167597765 0.384375 0.13743016759776536
13 0.203125 0.435195530726257 0.3859375 0.32625698324022345
4 0.67109375 0.21843575418994413 0.5328125 0.18435754189944134
5 0.68984375 0.47374301675977654 0.5890625 0.3318435754189944
7 0.1203125 0.2100558659217877 0.221875 0.1329608938547486
13 0.19921875 0.6508379888268156 0.3828125 0.09832402234636871
11 0.16953125 0.07486033519553073 0.2890625 0.1430167597765363
6 0.19140625 0.9139664804469274 0.3828125 0.1564245810055866
10 0.6953125 0.8245810055865922 0.6 0.34972067039106147
3 0.66328125 0.09050279329608939 0.4921875 0.06480446927374302
8 0.7125 0.0335195530726257 0.1875 0.02905027932960894