5 0.2515625 0.20837988826815643 0.503125 0.16424581005586592
4 0.24765625 0.05810055865921788 0.4953125 0.10502793296089385
7 0.25546875 0.32793296089385476 0.5109375 0.06368715083798883
13 0.1375 0.3983240223463687 0.275 0.06368715083798883
6 0.1796875 0.4949720670391061 0.359375 0.08268156424581005
8 0.87890625 0.16871508379888267 0.2421875 0.12513966480446928
9 0.87578125 0.26536312849162014 0.2484375 0.041340782122905026
4 0.83125 0.48324022346368717 0.3375 0.1329608938547486
11 0.60859375 0.2122905027932961 0.1171875 0.4022346368715084
5 0.275 0.8798882681564246 0.55 0.24022346368715083
12 0.121875 0.6659217877094972 0.24375 0.15865921787709497
4 0.415625 0.6782122905027933 0.26875 0.1653631284916201
3 0.20234375 0.5675977653631284 0.4046875 0.035754189944134075
4 0.775 0.9011173184357542 0.45 0.19776536312849163
5 0.775 0.6675977653631285 0.45 0.23575418994413408