5 0.23984375 0.30502793296089387 0.4796875 0.3687150837988827
12 0.23984375 0.05307262569832402 0.4796875 0.10614525139664804
5 0.9375 0.2581005586592179 0.125 0.30614525139664805
3 0.6578125 0.2687150837988827 0.2671875 0.10167597765363129
12 0.94609375 0.04636871508379888 0.1078125 0.09273743016759776
11 0.68203125 0.05698324022346369 0.2671875 0.11396648044692738
13 0.68515625 0.41284916201117317 0.3203125 0.15307262569832403
5 0.66171875 0.858659217877095 0.3640625 0.28268156424581004
8 0.565625 0.541340782122905 0.171875 0.07262569832402235
9 0.6 0.6128491620111732 0.240625 0.030167597765363128
13 0.96328125 0.8625698324022346 0.0734375 0.2748603351955307
3 0.965625 0.5480446927374302 0.06875 0.11731843575418995