5 0.309375 0.11284916201117319 0.240625 0.22569832402234638
1 0.30859375 0.3011173184357542 0.2421875 0.11731843575418995
4 0.08828125 0.14134078212290502 0.1765625 0.15977653631284916
6 0.06796875 0.2966480446927374 0.1359375 0.11284916201117319
8 0.88125 0.10335195530726257 0.2375 0.02346368715083799
9 0.5640625 0.10558659217877095 0.26875 0.02569832402234637
3 0.546875 0.25139664804469275 0.234375 0.15195530726256984
5 0.875 0.2687150837988827 0.25 0.18212290502793296
11 0.5515625 0.026815642458100558 0.24375 0.053631284916201116
13 0.71484375 0.9597765363128492 0.5703125 0.08044692737430167
7 0.71484375 0.5815642458100558 0.5703125 0.10614525139664804
13 0.71484375 0.48324022346368717 0.5703125 0.0659217877094972
2 0.50546875 0.711173184357542 0.1515625 0.10167597765363129
1 0.71484375 0.39553072625698327 0.5703125 0.0670391061452514
0 0.55390625 0.8312849162011173 0.2484375 0.11396648044692738