4 0.15 0.09720670391061452 0.3 0.19441340782122904
5 0.1546875 0.32905027932960895 0.309375 0.2424581005586592
13 0.15 0.5335195530726257 0.3 0.15083798882681565
8 0.784375 0.04078212290502793 0.353125 0.08156424581005586
9 0.78359375 0.10391061452513967 0.340625 0.024581005586592177
5 0.746875 0.38491620111731845 0.4421875 0.4223463687150838
12 0.365625 0.5027932960893855 0.1125 0.19664804469273742
11 0.3796875 0.16815642458100558 0.140625 0.33631284916201115
7 0.1515625 0.6536312849162011 0.190625 0.08491620111731843
11 0.1609375 0.8128491620111732 0.2265625 0.2212290502793296
5 0.79296875 0.6625698324022347 0.4140625 0.10726256983240223
4 0.79296875 0.841340782122905 0.4140625 0.2346368715083799
13 0.4359375 0.7541899441340782 0.253125 0.16312849162011173
6 0.434375 0.9363128491620112 0.25 0.12737430167597766