3 0.040625 0.12011173184357542 0.08125 0.11955307262569832
5 0.22734375 0.32513966480446926 0.2234375 0.529608938547486
12 0.040625 0.27430167597765365 0.08125 0.1553072625698324
13 0.0546875 0.4335195530726257 0.109375 0.16089385474860335
12 0.45859375 0.19832402234636873 0.2390625 0.1888268156424581
5 0.81875 0.34916201117318435 0.3625 0.48156424581005586
11 0.3984375 0.037430167597765365 0.11875 0.07486033519553073
4 0.4625 0.4430167597765363 0.246875 0.26927374301675977
3 0.74921875 0.04636871508379888 0.5015625 0.07039106145251396
12 0.16953125 0.6703910614525139 0.3390625 0.12513966480446928
4 0.16953125 0.8994413407821229 0.3390625 0.2011173184357542