12 0.13046875 0.0782122905027933 0.2609375 0.11396648044692738
4 0.06875 0.2709497206703911 0.1375 0.2111731843575419
3 0.34453125 0.04860335195530726 0.0703125 0.09720670391061452
5 0.67734375 0.22849162011173185 0.4359375 0.4569832402234637
13 0.35390625 0.2100558659217877 0.0890625 0.1430167597765363
4 0.35078125 0.41508379888268154 0.0828125 0.1888268156424581
5 0.16328125 0.641340782122905 0.2921875 0.2435754189944134
4 0.165625 0.8536312849162011 0.2875 0.18100558659217877
10 0.165625 0.970391061452514 0.2875 0.05921787709497207
7 0.75859375 0.9139664804469274 0.4234375 0.09944134078212291
13 0.690625 0.61731843575419 0.2625 0.19553072625698323
5 0.41015625 0.8189944134078212 0.2015625 0.36201117318435755
2 0.74453125 0.7988826815642458 0.3828125 0.10726256983240223