4 0.35703125 0.1441340782122905 0.4203125 0.2111731843575419
5 0.3796875 0.46368715083798884 0.459375 0.2905027932960894
3 0.06015625 0.21340782122905028 0.1203125 0.13631284916201117
7 0.06015625 0.38603351955307263 0.1203125 0.12849162011173185
13 0.0625 0.5525139664804469 0.125 0.11284916201117319
11 0.06171875 0.049162011173184354 0.1234375 0.09832402234636871
5 0.3046875 0.6575418994413408 0.609375 0.09720670391061452
13 0.3046875 0.7731843575418994 0.609375 0.024581005586592177
4 0.3046875 0.7346368715083799 0.609375 0.04581005586592179
7 0.3046875 0.7966480446927374 0.609375 0.02011173184357542
6 0.3046875 0.8569832402234637 0.609375 0.0111731843575419