8 0.09765625 0.0446927374301676 0.15625 0.06368715083798883
9 0.11640625 0.1011173184357542 0.2 0.04022346368715084
12 0.64453125 0.0664804469273743 0.6734375 0.11173184357541899
5 0.6390625 0.35977653631284917 0.6515625 0.45251396648044695
4 0.5578125 0.6787709497206704 0.4921875 0.17541899441340783
13 0.53984375 0.8860335195530726 0.4453125 0.17206703910614526
3 0.14375 0.4424581005586592 0.2609375 0.22569832402234638
7 0.15390625 0.6201117318435754 0.278125 0.1217877094972067
13 0.1515625 0.7502793296089385 0.2828125 0.11955307262569832
1 0.15 0.8988826815642458 0.2734375 0.1463687150837989
11 0.15078125 0.22960893854748604 0.2484375 0.18324022346368715