12 0.3359375 0.020670391061452513 0.665625 0.041340782122905026
5 0.334375 0.27932960893854747 0.65 0.45251396648044695
4 0.25234375 0.5301675977653632 0.4921875 0.03910614525139665
8 0.140625 0.7284916201117319 0.15625 0.021229050279329607
3 0.196875 0.7815642458100559 0.39375 0.09273743016759776
9 0.334375 0.912290502793296 0.66875 0.03687150837988827
4 0.33203125 0.982122905027933 0.6640625 0.035754189944134075
11 0.534375 0.7642458100558659 0.2375 0.18324022346368715
6 0.92265625 0.9245810055865922 0.1546875 0.08379888268156424
3 0.92265625 0.6011173184357542 0.1546875 0.0893854748603352
1 0.9234375 0.7083798882681565 0.153125 0.09608938547486033