12 0.2046875 0.03910614525139665 0.409375 0.0782122905027933
5 0.2046875 0.3 0.409375 0.3564245810055866
13 0.06015625 0.5675977653631284 0.1203125 0.08268156424581005
8 0.5734375 0.31620111731843575 0.228125 0.02569832402234637
3 0.565625 0.506145251396648 0.2421875 0.15083798882681565
4 0.8609375 0.5631284916201117 0.278125 0.09162011173184358
5 0.86328125 0.3418994413407821 0.2734375 0.30837988826815643
9 0.5734375 0.37262569832402237 0.2109375 0.05139664804469274
11 0.5734375 0.23743016759776536 0.16875 0.11508379888268157
13 0.06484375 0.7078212290502793 0.1296875 0.17988826815642459
5 0.29765625 0.8044692737430168 0.2234375 0.39106145251396646
6 0.03671875 0.8324022346368715 0.0734375 0.05139664804469274
8 0.465625 0.7016759776536313 0.1125 0.04022346368715084
3 0.64609375 0.7597765363128491 0.4734375 0.0893854748603352
4 0.7046875 0.894413407821229 0.590625 0.11508379888268157
11 0.51015625 0.6407821229050279 0.1921875 0.06368715083798883