9 0.26328125 0.008938547486033519 0.1796875 0.017877094972067038
12 0.3265625 0.11899441340782123 0.315625 0.08044692737430167
5 0.31484375 0.2905027932960894 0.2921875 0.21899441340782122
4 0.0421875 0.22960893854748604 0.084375 0.15083798882681565
11 0.06015625 0.0664804469273743 0.1203125 0.1329608938547486
12 0.74453125 0.09273743016759776 0.5109375 0.07374301675977654
5 0.725 0.25977653631284914 0.471875 0.25139664804469275
8 0.32734375 0.4731843575418994 0.2453125 0.03240223463687151
9 0.32890625 0.5033519553072626 0.2015625 0.02346368715083799
12 0.08984375 0.7072625698324022 0.1796875 0.12290502793296089
4 0.3546875 0.7418994413407821 0.26875 0.19664804469273742
5 0.35078125 0.9251396648044693 0.2671875 0.14972067039106146
7 0.0796875 0.8474860335195531 0.159375 0.10167597765363129
13 0.08359375 0.9625698324022346 0.1671875 0.07486033519553073