3 0.05859375 0.08100558659217877 0.1171875 0.1329608938547486
7 0.0890625 0.20893854748603352 0.178125 0.10726256983240223
13 0.08828125 0.3268156424581006 0.1765625 0.09944134078212291
6 0.02890625 0.4145251396648045 0.0578125 0.04692737430167598
5 0.41875 0.2927374301675978 0.38125 0.5184357541899441
4 0.41796875 0.629608938547486 0.3828125 0.09944134078212291
12 0.778125 0.28044692737430166 0.3375 0.0893854748603352
3 0.6609375 0.19106145251396647 0.103125 0.08044692737430167
4 0.7609375 0.38379888268156426 0.303125 0.08156424581005586
5 0.70390625 0.529608938547486 0.1890625 0.13854748603351955
8 0.80078125 0.7251396648044692 0.3828125 0.09162011173184358
9 0.72578125 0.8011173184357542 0.2328125 0.035754189944134075
12 0.79609375 0.9312849162011173 0.3734375 0.08603351955307263