5 0.7390625 0.6022346368715084 0.3640625 0.43575418994413406
13 0.7359375 0.15195530726256984 0.3609375 0.15307262569832403
3 0.2640625 0.29608938547486036 0.359375 0.05698324022346369
11 0.2578125 0.20446927374301677 0.171875 0.1217877094972067
8 0.26015625 0.08715083798882682 0.34375 0.03687150837988827
6 0.734375 0.2988826815642458 0.3703125 0.1340782122905028
9 0.259375 0.11955307262569832 0.1828125 0.02905027932960894
0 0.74140625 0.8726256983240224 0.3625 0.09162011173184358
1 0.25859375 0.6502793296089385 0.3546875 0.2122905027932961
4 0.2578125 0.4346368715083799 0.35625 0.18994413407821228
10 0.25546875 0.8581005586592179 0.353125 0.16089385474860335