12 0.35078125 0.04636871508379888 0.7015625 0.09273743016759776
4 0.20078125 0.19888268156424582 0.4015625 0.19441340782122904
10 0.13828125 0.5167597765363129 0.2765625 0.1463687150837989
5 0.20078125 0.3675977653631285 0.4015625 0.1340782122905028
12 0.53828125 0.6653631284916202 0.4015625 0.09273743016759776
5 0.5375 0.8709497206703911 0.403125 0.2581005586592179
4 0.096875 0.7927374301675978 0.19375 0.1776536312849162
11 0.1296875 0.6357541899441341 0.259375 0.09162011173184358
4 0.86953125 0.6122905027932961 0.2609375 0.0446927374301676
13 0.86953125 0.6793296089385474 0.2609375 0.055865921787709494
1 0.86953125 0.7486033519553073 0.2609375 0.06256983240223464
2 0.86953125 0.8206703910614526 0.2609375 0.0659217877094972