8 0.19140625 0.21787709497206703 0.221875 0.15754189944134078
9 0.1921875 0.34134078212290503 0.134375 0.061452513966480445
5 0.54453125 0.06536312849162011 0.2109375 0.13072625698324022
4 0.54140625 0.2435754189944134 0.2171875 0.1452513966480447
13 0.5453125 0.48547486033519555 0.209375 0.26256983240223464
3 0.19140625 0.5452513966480447 0.203125 0.13854748603351955
11 0.1953125 0.045251396648044694 0.259375 0.09050279329608939
13 0.725 0.570391061452514 0.15 0.16201117318435754
5 0.825 0.22625698324022347 0.35 0.45251396648044695
12 0.10859375 0.7273743016759776 0.2171875 0.11620111731843576
5 0.4359375 0.8346368715083798 0.428125 0.3307262569832402
13 0.09921875 0.929608938547486 0.1984375 0.14078212290502792
4 0.9125 0.7938547486033519 0.175 0.1329608938547486