4 0.41640625 0.037430167597765365 0.4671875 0.07486033519553073
5 0.4140625 0.2022346368715084 0.471875 0.2569832402234637
13 0.41640625 0.41508379888268154 0.4671875 0.16871508379888267
9 0.0796875 0.07932960893854749 0.159375 0.15865921787709497
7 0.05859375 0.23519553072625698 0.1171875 0.1217877094972067
6 0.078125 0.40502793296089384 0.15625 0.1888268156424581
12 0.91015625 0.06480446927374302 0.1796875 0.12960893854748604
13 0.9125 0.23743016759776536 0.175 0.15083798882681565
6 0.915625 0.38324022346368714 0.16875 0.09162011173184358
5 0.46171875 0.5994413407821229 0.3765625 0.2
13 0.43671875 0.9212290502793297 0.3296875 0.11508379888268157
4 0.45703125 0.776536312849162 0.3859375 0.11620111731843576
7 0.1109375 0.6508379888268156 0.221875 0.10614525139664804
6 0.028125 0.5430167597765363 0.05625 0.08715083798882682
7 0.70625 0.6681564245810055 0.1125 0.13631284916201117
13 0.7453125 0.88268156424581 0.190625 0.2346368715083799
3 0.7375 0.5407821229050279 0.175 0.08268156424581005