4 0.19453125 0.15251396648044693 0.3890625 0.24916201117318434
5 0.19296875 0.4044692737430168 0.3859375 0.2569832402234637
13 0.19453125 0.575977653631285 0.3890625 0.08603351955307263
12 0.8640625 0.2324022346368715 0.271875 0.15195530726256984
13 0.86640625 0.41620111731843573 0.2671875 0.15083798882681565
6 0.86953125 0.5620111731843576 0.2609375 0.09162011173184358
4 0.4984375 0.22346368715083798 0.21875 0.15418994413407822
1 0.5 0.38212290502793295 0.221875 0.11173184357541899
5 0.4984375 0.5441340782122905 0.21875 0.14972067039106146
9 0.4734375 0.049162011173184354 0.16875 0.03128491620111732
12 0.48671875 0.08156424581005586 0.1953125 0.02905027932960894
11 0.83828125 0.06089385474860335 0.3234375 0.1217877094972067
5 0.69453125 0.7340782122905027 0.6109375 0.19441340782122904
4 0.628125 0.9167597765363128 0.478125 0.1664804469273743