4 0.14140625 0.04022346368715084 0.2828125 0.08044692737430167
12 0.3671875 0.24860335195530725 0.084375 0.2558659217877095
5 0.125 0.2441340782122905 0.25 0.2670391061452514
7 0.11875 0.5184357541899441 0.20625 0.18100558659217877
4 0.45390625 0.4776536312849162 0.0890625 0.18659217877094972
3 0.7046875 0.019553072625698324 0.590625 0.03240223463687151
12 0.78359375 0.16871508379888267 0.4328125 0.1318435754189944
5 0.70859375 0.4273743016759777 0.2984375 0.36312849162011174
5 0.2046875 0.7441340782122905 0.409375 0.18994413407821228
13 0.2046875 0.6162011173184357 0.409375 0.01452513966480447
13 0.2046875 0.88268156424581 0.409375 0.05810055865921788
4 0.73203125 0.7195530726256983 0.5359375 0.18547486033519553
5 0.73203125 0.9167597765363128 0.5359375 0.1664804469273743