4 0.171875 0.0553072625698324 0.275 0.1106145251396648
5 0.165625 0.23854748603351955 0.2875 0.23798882681564246
13 0.171875 0.4374301675977654 0.275 0.1441340782122905
5 0.67421875 0.23687150837988827 0.6515625 0.47374301675977654
4 0.765625 0.8670391061452514 0.46875 0.18547486033519553
3 0.37109375 0.7374301675977654 0.1234375 0.2100558659217877
13 0.36875 0.9413407821229051 0.11875 0.11731843575418995
12 0.7671875 0.693854748603352 0.465625 0.11620111731843576
11 0.95234375 0.5636871508379888 0.0953125 0.10837988826815642
8 0.42265625 0.5262569832402234 0.2265625 0.0335195530726257
9 0.38515625 0.5698324022346368 0.1515625 0.024581005586592177