9 0.13046875 0.0329608938547486 0.2171875 0.041340782122905026
3 0.3 0.09497206703910614 0.6 0.0670391061452514
12 0.3 0.1659217877094972 0.6 0.0659217877094972
4 0.2984375 0.2798882681564246 0.596875 0.15083798882681565
5 0.29921875 0.4312849162011173 0.5984375 0.14078212290502792
13 0.3 0.5502793296089385 0.6 0.0659217877094972
13 0.3 0.6301675977653631 0.6 0.06480446927374302
7 0.3 0.6949720670391062 0.6 0.02905027932960894
12 0.6703125 0.13519553072625698 0.140625 0.11843575418994413
3 0.8 0.25977653631284914 0.4 0.06815642458100558
13 0.87265625 0.40558659217877097 0.2515625 0.15418994413407822
7 0.86875 0.46145251396648046 0.246875 0.04357541899441341
10 0.8734375 0.5581005586592179 0.253125 0.1106145251396648
1 0.87265625 0.664804469273743 0.2546875 0.0893854748603352
11 0.90703125 0.1005586592178771 0.1859375 0.2011173184357542
12 0.8 0.8340782122905028 0.4 0.06815642458100558
3 0.8 0.7357541899441341 0.4 0.05251396648044693
5 0.8 0.9396648044692737 0.4 0.12067039106145251