5 0.325 0.24078212290502793 0.65 0.09720670391061452
12 0.325 0.04357541899441341 0.65 0.04022346368715084
13 0.325 0.12346368715083798 0.65 0.08156424581005586
4 0.89140625 0.07262569832402235 0.2171875 0.1452513966480447
5 0.89375 0.22681564245810057 0.2125 0.12513966480446928
12 0.36015625 0.3078212290502793 0.5796875 0.03687150837988827
5 0.359375 0.4860335195530726 0.58125 0.3128491620111732
4 0.36015625 0.6770949720670391 0.5796875 0.060335195530726256
13 0.36171875 0.7653631284916201 0.5765625 0.11396648044692738
7 0.3609375 0.8715083798882681 0.578125 0.09385474860335195
2 0.36171875 0.9418994413407821 0.5765625 0.042458100558659215
12 0.825 0.31899441340782125 0.35 0.041340782122905026
4 0.825 0.4072625698324022 0.35 0.09497206703910614
13 0.825 0.5279329608938548 0.35 0.09273743016759776
5 0.825 0.7402234636871509 0.35 0.26256983240223464
6 0.91640625 0.9402234636871508 0.1671875 0.09497206703910614