1 0.20078125 0.4631284916201117 0.4015625 0.19106145251396647
4 0.3 0.17541899441340783 0.6 0.14078212290502792
13 0.2953125 0.3089385474860335 0.590625 0.09497206703910614
3 0.153125 0.02346368715083799 0.30625 0.04692737430167598
6 0.27265625 0.6195530726256984 0.5453125 0.11284916201117319
10 0.2921875 0.7379888268156425 0.584375 0.10391061452513967
3 0.87109375 0.07430167597765364 0.2578125 0.04357541899441341
12 0.8 0.18268156424581006 0.4 0.04581005586592179
5 0.8 0.32625698324022345 0.4 0.15195530726256984
4 0.8 0.47374301675977654 0.4 0.10502793296089385
10 0.8 0.7581005586592179 0.4 0.06368715083798883
7 0.6375 0.6111731843575419 0.075 0.08715083798882682
5 0.89296875 0.8949720670391061 0.2140625 0.2100558659217877
13 0.67578125 0.8631284916201117 0.1515625 0.1463687150837989