4 0.25546875 0.17262569832402236 0.334375 0.21452513966480447
10 0.253125 0.6502793296089385 0.3328125 0.20670391061452514
3 0.67109375 0.2759776536312849 0.2078125 0.11396648044692738
11 0.6390625 0.16759776536312848 0.13125 0.09385474860335195
1 0.25625 0.40893854748603353 0.3421875 0.24692737430167597
7 0.2328125 0.8430167597765363 0.3078125 0.15083798882681565
13 0.72578125 0.4620111731843575 0.325 0.22681564245810057
5 0.73984375 0.8592178770949721 0.3375 0.17430167597765364
6 0.73515625 0.6670391061452514 0.3328125 0.17653631284916202
8 0.71953125 0.06536312849162011 0.29375 0.0335195530726257
9 0.675 0.09832402234636871 0.2 0.026815642458100558