12 0.2609375 0.3793296089385475 0.36875 0.09944134078212291
5 0.74140625 0.4206703910614525 0.3671875 0.36312849162011174
4 0.7359375 0.13519553072625698 0.3609375 0.1340782122905028
8 0.25703125 0.0782122905027933 0.1953125 0.026815642458100558
10 0.24921875 0.7983240223463687 0.3671875 0.26033519553072626
3 0.2609375 0.2631284916201117 0.309375 0.07709497206703911
13 0.25546875 0.5547486033519553 0.359375 0.21564245810055865
9 0.26015625 0.10558659217877095 0.2125 0.02346368715083799
6 0.6984375 0.8664804469273742 0.284375 0.1564245810055866
11 0.25703125 0.1670391061452514 0.134375 0.0893854748603352
7 0.640625 0.6905027932960894 0.165625 0.15977653631284916