3 0.15546875 0.1441340782122905 0.225 0.12849162011173185
8 0.153125 0.054748603351955305 0.209375 0.02905027932960894
5 0.2375 0.40614525139664803 0.384375 0.3474860335195531
9 0.34609375 0.054748603351955305 0.1671875 0.02905027932960894
13 0.63359375 0.5273743016759777 0.1859375 0.10502793296089385
4 0.87578125 0.11564245810055866 0.2484375 0.20893854748603352
7 0.62890625 0.3642458100558659 0.1859375 0.12960893854748604
3 0.584375 0.19106145251396647 0.290625 0.1463687150837989
5 0.875 0.44078212290502794 0.25 0.2782122905027933
11 0.621875 0.03910614525139665 0.196875 0.0782122905027933
8 0.61484375 0.09944134078212291 0.2203125 0.02905027932960894
5 0.68046875 0.647486033519553 0.5015625 0.13519553072625698
13 0.71484375 0.7932960893854749 0.5703125 0.11173184357541899
6 0.71484375 0.9385474860335196 0.5703125 0.12290502793296089