5 0.184375 0.32513966480446926 0.36875 0.27039106145251396
13 0.184375 0.12067039106145251 0.36875 0.11396648044692738
4 0.184375 0.5173184357541899 0.36875 0.08491620111731843
12 0.184375 0.04022346368715084 0.36875 0.04022346368715084
8 0.61484375 0.2776536312849162 0.15625 0.10614525139664804
12 0.88515625 0.034636871508379886 0.2296875 0.06927374301675977
4 0.88359375 0.18268156424581006 0.2328125 0.2
5 0.88359375 0.3446927374301676 0.2328125 0.1217877094972067
3 0.615625 0.4631284916201117 0.1875 0.16312849162011173
13 0.88359375 0.5402234636871508 0.2328125 0.03910614525139665
9 0.62890625 0.3452513966480447 0.13125 0.027932960893854747
11 0.6078125 0.08770949720670392 0.196875 0.17541899441340783
13 0.184375 0.6575418994413408 0.36875 0.06368715083798883
12 0.184375 0.7642458100558659 0.36875 0.0335195530726257
4 0.184375 0.9195530726256983 0.36875 0.16089385474860335