8 0.19827586206896552 0.0347985347985348 0.2655172413793103 0.018315018315018316
9 0.15172413793103448 0.04822954822954823 0.14482758620689656 0.013431013431013432
3 0.2267241379310345 0.07051282051282051 0.35344827586206895 0.020146520146520148
3 0.5431034482758621 0.06807081807081806 0.2517241379310345 0.06288156288156288
11 0.8060344827586207 0.05280830280830281 0.2396551724137931 0.08363858363858363
5 0.3775862068965517 0.15079365079365079 0.6103448275862069 0.1111111111111111
5 0.5120689655172413 0.3489010989010989 0.8862068965517241 0.2765567765567766
5 0.48017241379310344 0.5436507936507936 0.6913793103448276 0.04212454212454213
13 0.23706896551724138 0.6034798534798534 0.3603448275862069 0.061660561660561664
13 0.646551724137931 0.637057387057387 0.3413793103448276 0.13125763125763126
13 0.25517241379310346 0.7347374847374848 0.4068965517241379 0.057997557997558
7 0.5655172413793104 0.7374847374847375 0.16551724137931034 0.06105006105006105
6 0.42844827586206896 0.8025030525030525 0.753448275862069 0.07509157509157509