8 0.4970414201183432 0.34911242603550297 0.3136094674556213 0.05917159763313609
9 0.5 0.3979289940828402 0.11834319526627218 0.03254437869822485
12 0.5 0.5798816568047337 0.26627218934911245 0.13609467455621302
7 0.4970414201183432 0.757396449704142 0.33136094674556216 0.15976331360946747
3 0.4970414201183432 0.9289940828402367 0.23668639053254437 0.05325443786982249
3 0.17307692307692307 0.27958579881656803 0.2514792899408284 0.21005917159763313
4 0.1760355029585799 0.5325443786982249 0.2514792899408284 0.23076923076923078
13 0.15088757396449703 0.7825443786982249 0.20118343195266272 0.20414201183431951
5 0.8254437869822485 0.3668639053254438 0.23668639053254437 0.378698224852071
13 0.8254437869822485 0.6849112426035503 0.1893491124260355 0.21005917159763313
11 0.5059171597633136 0.1834319526627219 0.22485207100591717 0.23668639053254437