8 0.49765625 0.3486033519553073 0.3140625 0.05810055865921788
9 0.5 0.39776536312849164 0.11875 0.0335195530726257
12 0.49921875 0.5798882681564246 0.265625 0.13631284916201117
7 0.496875 0.7575418994413408 0.3328125 0.15977653631284916
3 0.49765625 0.9290502793296089 0.2375 0.053631284916201116
3 0.1734375 0.27932960893854747 0.2515625 0.20893854748603352
4 0.1765625 0.5318435754189944 0.253125 0.22905027932960895
13 0.1515625 0.7832402234636872 0.2015625 0.20558659217877095
5 0.825 0.3664804469273743 0.2359375 0.3787709497206704
13 0.825 0.6843575418994413 0.1890625 0.20893854748603352
11 0.50625 0.18379888268156425 0.2265625 0.23798882681564246