8 0.65546875 0.017877094972067038 0.6234375 0.035754189944134075
9 0.6578125 0.042458100558659215 0.31875 0.035754189944134075
5 0.6671875 0.3335195530726257 0.6640625 0.48268156424581005
10 0.66796875 0.6340782122905028 0.6640625 0.11731843575418995
4 0.6625 0.7860335195530727 0.675 0.1888268156424581
1 0.6296875 0.9335195530726257 0.5984375 0.09497206703910614
7 0.16328125 0.9273743016759777 0.3171875 0.10837988826815642
13 0.16171875 0.7547486033519553 0.321875 0.24692737430167597
9 0.159375 0.505586592178771 0.31875 0.24916201117318434
3 0.1578125 0.2837988826815642 0.315625 0.20670391061452514
11 0.165625 0.0888268156424581 0.26875 0.1776536312849162
12 0.6578125 0.07206703910614524 0.540625 0.02569832402234637