5 0.234375 0.1553072625698324 0.46875 0.10949720670391061
7 0.234375 0.25977653631284914 0.46875 0.06815642458100558
2 0.234375 0.3541899441340782 0.46875 0.12067039106145251
4 0.234375 0.057541899441340784 0.46875 0.07709497206703911
4 0.903125 0.1217877094972067 0.19375 0.2435754189944134
5 0.90546875 0.4011173184357542 0.1890625 0.22793296089385476
13 0.6046875 0.36815642458100556 0.271875 0.30502793296089387
3 0.58828125 0.08603351955307263 0.2390625 0.17206703910614526
8 0.32265625 0.6357541899441341 0.2921875 0.02905027932960894
12 0.234375 0.7603351955307263 0.46875 0.06368715083798883
9 0.36875 0.6625698324022347 0.2 0.02011173184357542
13 0.234375 0.8502793296089386 0.46875 0.07597765363128492
10 0.11171875 0.9720670391061452 0.2234375 0.055865921787709494
12 0.734375 0.6089385474860335 0.53125 0.05810055865921788
5 0.734375 0.917877094972067 0.53125 0.16424581005586592
4 0.734375 0.7312849162011174 0.53125 0.17318435754189945