5 0.109375 0.21787709497206703 0.21875 0.43575418994413406
5 0.83359375 0.10837988826815642 0.3328125 0.21675977653631284
12 0.4515625 0.04748603351955307 0.265625 0.09497206703910614
4 0.83515625 0.3245810055865922 0.3296875 0.19106145251396647
7 0.42578125 0.2569832402234637 0.2140625 0.10502793296089385
10 0.4484375 0.3905027932960894 0.259375 0.13743016759776536
3 0.440625 0.15865921787709497 0.24375 0.09608938547486033
4 0.809375 0.658659217877095 0.38125 0.20893854748603352
13 0.403125 0.5977653631284916 0.16875 0.18324022346368715
3 0.3734375 0.8033519553072626 0.109375 0.10949720670391061
6 0.81484375 0.9301675977653632 0.3703125 0.13966480446927373