13 0.165625 0.06201117318435754 0.215625 0.12402234636871508
7 0.1703125 0.25865921787709495 0.2015625 0.15083798882681565
5 0.46328125 0.048044692737430165 0.2484375 0.09608938547486033
4 0.465625 0.2206703910614525 0.246875 0.22905027932960895
8 0.86171875 0.006145251396648044 0.2765625 0.012290502793296089
12 0.86015625 0.13687150837988826 0.2796875 0.18212290502793296
5 0.86015625 0.3256983240223464 0.2796875 0.14860335195530727
3 0.6171875 0.25251396648044694 0.05625 0.10502793296089385
11 0.62109375 0.07262569832402235 0.0640625 0.1452513966480447
9 0.52890625 0.453072625698324 0.1203125 0.04357541899441341
5 0.49296875 0.7301675977653631 0.1921875 0.5173184357541899
3 0.15859375 0.6391061452513966 0.309375 0.12290502793296089
13 0.17890625 0.8201117318435754 0.3578125 0.22793296089385476
7 0.17265625 0.9731843575418995 0.3359375 0.053631284916201116
11 0.17578125 0.4759776536312849 0.2453125 0.15195530726256984