4 0.2046875 0.1793296089385475 0.409375 0.358659217877095
13 0.2046875 0.4748603351955307 0.409375 0.22569832402234638
8 0.47734375 0.29217877094972067 0.1359375 0.05251396648044693
9 0.4859375 0.33519553072625696 0.153125 0.03798882681564246
12 0.4875 0.47262569832402235 0.15625 0.2212290502793296
4 0.790625 0.1122905027932961 0.41875 0.18435754189944134
1 0.78671875 0.2877094972067039 0.4265625 0.16201117318435754
5 0.79609375 0.4877094972067039 0.4078125 0.20446927374301677
11 0.4765625 0.14134078212290502 0.134375 0.264804469273743
11 0.4703125 0.13016759776536313 0.121875 0.2536312849162011
5 0.7125 0.7284916201117319 0.575 0.2770949720670391
13 0.71171875 0.9402234636871508 0.5765625 0.11955307262569832