5 0.26640625 0.06815642458100558 0.2265625 0.13631284916201117
4 0.26796875 0.2888268156424581 0.2234375 0.2581005586592179
3 0.04453125 0.46368715083798884 0.0890625 0.12960893854748604
3 0.04609375 0.06983240223463687 0.0921875 0.13966480446927373
13 0.0375 0.26424581005586595 0.075 0.21340782122905028
12 0.815625 0.05865921787709497 0.36875 0.11731843575418995
5 0.8140625 0.3424581005586592 0.371875 0.4145251396648045
3 0.4359375 0.16201117318435754 0.1125 0.10502793296089385
13 0.43125 0.3217877094972067 0.103125 0.13631284916201117
13 0.45 0.48659217877094973 0.140625 0.12625698324022347
11 0.4703125 0.03128491620111732 0.18125 0.06256983240223464
5 0.33984375 0.7201117318435755 0.0796875 0.2536312849162011
3 0.18984375 0.7145251396648045 0.1453125 0.2
13 0.190625 0.9195530726256983 0.146875 0.16089385474860335
8 0.5234375 0.6726256983240223 0.175 0.02346368715083799
9 0.52265625 0.7016759776536313 0.1359375 0.01899441340782123
3 0.49375 0.8033519553072626 0.19375 0.15418994413407822
7 0.5296875 0.9458100558659218 0.275 0.10837988826815642
5 0.8453125 0.7620111731843575 0.309375 0.33519553072625696
4 0.8453125 0.9731843575418995 0.309375 0.053631284916201116
11 0.5203125 0.5944134078212291 0.2125 0.0893854748603352