8 0.5125 0.08324022346368715 0.434375 0.05921787709497207
9 0.54296875 0.14134078212290502 0.3734375 0.05698324022346369
12 0.51796875 0.2860335195530726 0.4234375 0.11843575418994413
3 0.1296875 0.37094972067039106 0.259375 0.11396648044692738
13 0.14765625 0.5586592178770949 0.2953125 0.24134078212290502
5 0.51328125 0.517877094972067 0.4328125 0.3229050279329609
11 0.1234375 0.12402234636871508 0.246875 0.18324022346368715
4 0.4875 0.7541899441340782 0.265625 0.14972067039106146
13 0.5375 0.9022346368715084 0.3578125 0.09385474860335195
7 0.2375 0.7636871508379889 0.20625 0.1005586592178771
6 0.2015625 0.9 0.1375 0.11396648044692738
5 0.89609375 0.8502793296089386 0.2078125 0.2994413407821229