5 0.69921875 0.38603351955307263 0.54375 0.30726256983240224
3 0.209375 0.39608938547486033 0.2671875 0.10167597765363129
6 0.240625 0.9067039106145252 0.2265625 0.04357541899441341
8 0.69765625 0.06871508379888268 0.50625 0.06815642458100558
12 0.70859375 0.17374301675977655 0.5296875 0.09385474860335195
7 0.23515625 0.852513966480447 0.2078125 0.049162011173184354
11 0.234375 0.1458100558659218 0.26875 0.19217877094972066
13 0.2375 0.587709497206704 0.3203125 0.24804469273743016
10 0.70546875 0.6675977653631285 0.5484375 0.2223463687150838
1 0.646875 0.9301675977653632 0.4390625 0.04581005586592179
4 0.6953125 0.8558659217877095 0.51875 0.10726256983240223