8 0.696875 0.10558659217877095 0.5515625 0.05921787709497207
9 0.6953125 0.16368715083798882 0.4265625 0.05698324022346369
12 0.70859375 0.30837988826815643 0.5546875 0.11843575418994413
3 0.2234375 0.39385474860335196 0.321875 0.11396648044692738
13 0.2453125 0.5921787709497207 0.353125 0.2636871508379888
7 0.23671875 0.8446927374301676 0.2484375 0.061452513966480445
6 0.24375 0.917877094972067 0.2484375 0.07150837988826815
5 0.70390625 0.5620111731843576 0.5640625 0.3653631284916201
4 0.6984375 0.8150837988826816 0.55625 0.10726256983240223
1 0.70078125 0.9262569832402234 0.5515625 0.09273743016759776
11 0.2375 0.146927374301676 0.2703125 0.18324022346368715