5 0.7046875 0.5497206703910614 0.5265625 0.35307262569832404
1 0.66015625 0.9094972067039107 0.41875 0.054748603351955305
3 0.21015625 0.39106145251396646 0.26875 0.09608938547486033
6 0.2421875 0.9089385474860335 0.2296875 0.04357541899441341
8 0.69140625 0.10614525139664804 0.5078125 0.04357541899441341
11 0.23515625 0.15251396648044693 0.2703125 0.20558659217877095
4 0.6765625 0.8184357541899442 0.440625 0.11173184357541899
12 0.7171875 0.293854748603352 0.525 0.11620111731843576
7 0.23515625 0.853072625698324 0.209375 0.04581005586592179
13 0.2390625 0.5675977653631284 0.3171875 0.2435754189944134
9 0.69609375 0.1553072625698324 0.3984375 0.035754189944134075