4 0.29921875 0.1787709497206704 0.2546875 0.2905027932960894
5 0.30234375 0.40279329608938547 0.2546875 0.11284916201117319
13 0.04921875 0.28156424581005585 0.0984375 0.27932960893854747
5 0.759375 0.07374301675977654 0.48125 0.14748603351955308
1 0.6921875 0.4245810055865922 0.346875 0.06927374301675977
4 0.65703125 0.2016759776536313 0.2765625 0.07932960893854749
13 0.759375 0.3100558659217877 0.48125 0.13966480446927373
13 0.35703125 0.6223463687150838 0.3234375 0.32625698324022345
7 0.2796875 0.8581005586592179 0.1890625 0.11284916201117319
6 0.34765625 0.9603351955307262 0.3140625 0.07932960893854749
10 0.07890625 0.7569832402234636 0.1578125 0.2424581005586592
12 0.86171875 0.5134078212290503 0.2765625 0.10837988826815642
3 0.546875 0.5614525139664804 0.05625 0.20446927374301677
12 0.56875 0.7631284916201118 0.1 0.1787709497206704
6 0.5375 0.9324022346368716 0.0375 0.13519553072625698
4 0.81328125 0.6804469273743017 0.1734375 0.1564245810055866
5 0.83203125 0.8877094972067039 0.2203125 0.2245810055865922