4 0.25078125 0.10391061452513967 0.2546875 0.20782122905027933
5 0.25390625 0.37597765363128494 0.2546875 0.2905027932960894
13 0.025 0.1653631284916201 0.05 0.27932960893854747
7 0.02578125 0.42681564245810055 0.0515625 0.1564245810055866
5 0.734375 0.17653631284916202 0.53125 0.35307262569832404
7 0.72734375 0.5184357541899441 0.5171875 0.017877094972067038
6 0.5625 0.5312849162011173 0.1875 0.01675977653631285
13 0.72578125 0.41508379888268154 0.5140625 0.13966480446927373
8 0.828125 0.5480446927374302 0.246875 0.01675977653631285
12 0.72421875 0.6083798882681565 0.5109375 0.13743016759776536
4 0.71015625 0.8329608938547486 0.4828125 0.22681564245810057