12 0.50859375 0.07039106145251396 0.2203125 0.10279329608938548
4 0.50703125 0.24525139664804468 0.2234375 0.2111731843575419
5 0.50546875 0.4642458100558659 0.2265625 0.2111731843575419
3 0.17421875 0.10837988826815642 0.1359375 0.09608938547486033
13 0.221875 0.29441340782122905 0.2328125 0.23128491620111732
7 0.2203125 0.5 0.234375 0.13966480446927373
11 0.27578125 0.027374301675977653 0.1765625 0.054748603351955305
9 0.66796875 0.1122905027932961 0.0984375 0.02346368715083799
12 0.75859375 0.19106145251396647 0.2796875 0.060335195530726256
4 0.7953125 0.4072625698324022 0.353125 0.32513966480446926
7 0.8390625 0.8569832402234637 0.209375 0.054748603351955305
5 0.86640625 0.7178770949720671 0.2671875 0.19106145251396647
4 0.86875 0.588268156424581 0.2625 0.03687150837988827