4 0.309375 0.13910614525139664 0.61875 0.14860335195530727
1 0.27109375 0.42569832402234636 0.5421875 0.15195530726256984
3 0.27109375 0.004469273743016759 0.5421875 0.008938547486033519
13 0.309375 0.2770949720670391 0.61875 0.11843575418994413
5 0.8375 0.07262569832402235 0.325 0.1452513966480447
13 0.834375 0.24022346368715083 0.33125 0.15195530726256984
7 0.759375 0.3994413407821229 0.1703125 0.11843575418994413
12 0.77890625 0.49329608938547487 0.2015625 0.03240223463687151
5 0.359375 0.6759776536312849 0.51875 0.3329608938547486
4 0.39921875 0.9279329608938548 0.4390625 0.1329608938547486
5 0.809375 0.8888268156424581 0.38125 0.1664804469273743
10 0.8078125 0.6519553072625698 0.378125 0.2849162011173184