4 0.234375 0.1100558659217877 0.46875 0.14860335195530727
1 0.234375 0.36983240223463687 0.46875 0.09832402234636871
13 0.234375 0.24804469273743016 0.46875 0.11843575418994413
12 0.59296875 0.7446927374301676 0.2484375 0.09944134078212291
5 0.915625 0.7854748603351955 0.16875 0.36201117318435755
4 0.9140625 0.5 0.171875 0.1329608938547486
8 0.5484375 0.4435754189944134 0.159375 0.026815642458100558
3 0.57890625 0.6284916201117319 0.2203125 0.07709497206703911
13 0.58828125 0.906145251396648 0.2390625 0.1877094972067039
9 0.55390625 0.47039106145251397 0.1703125 0.0223463687150838
11 0.5328125 0.5318435754189944 0.128125 0.0893854748603352