8 0.2 0.5027932960893855 0.2109375 0.14748603351955308
9 0.19375 0.03910614525139665 0.2109375 0.048044692737430165
11 0.19453125 0.2435754189944134 0.3 0.3206703910614525
8 0.4328125 0.025139664804469275 0.0875 0.05027932960893855
4 0.78828125 0.09217877094972067 0.4234375 0.18435754189944134
5 0.7875 0.42849162011173186 0.425 0.48156424581005586
12 0.4796875 0.11340782122905028 0.18125 0.1463687150837989
3 0.4203125 0.28435754189944135 0.0625 0.19329608938547485
10 0.48046875 0.5804469273743017 0.1828125 0.12625698324022347
5 0.19453125 0.7418994413407821 0.3890625 0.1452513966480447
4 0.19453125 0.9184357541899442 0.3890625 0.16312849162011173