5 0.3171875 0.08044692737430167 0.225 0.16089385474860335
4 0.3125 0.3865921787709497 0.234375 0.35307262569832404
8 0.04375 0.2217877094972067 0.0875 0.041340782122905026
9 0.02421875 0.2608938547486033 0.0484375 0.02569832402234637
3 0.04375 0.4 0.0875 0.16312849162011173
3 0.0671875 0.5620111731843576 0.134375 0.035754189944134075
8 0.67109375 0.018435754189944135 0.13125 0.030167597765363128
3 0.875 0.02011173184357542 0.14375 0.04022346368715084
12 0.79375 0.12458100558659217 0.2703125 0.10726256983240223
5 0.7703125 0.33128491620111733 0.2171875 0.2581005586592179
4 0.73984375 0.5279329608938548 0.1578125 0.10391061452513967
6 0.546875 0.5446927374301676 0.14375 0.07039106145251396
7 0.55703125 0.2541899441340782 0.140625 0.11731843575418995
13 0.5578125 0.4044692737430168 0.146875 0.1217877094972067
5 0.8453125 0.8111731843575419 0.309375 0.3776536312849162
13 0.5265625 0.888268156424581 0.19375 0.11843575418994413
9 0.8421875 0.5960893854748603 0.315625 0.027932960893854747
3 0.51328125 0.7692737430167598 0.1671875 0.09497206703910614
11 0.53671875 0.623463687150838 0.2140625 0.08715083798882682