11 0.18125 0.05810055865921788 0.328125 0.11620111731843576
5 0.8515625 0.13687150837988826 0.296875 0.21675977653631284
4 0.85 0.2988826815642458 0.3 0.061452513966480445
3 0.571875 0.15754189944134078 0.125 0.1653631284916201
13 0.56484375 0.29832402234636873 0.1109375 0.06256983240223464
11 0.57734375 0.015083798882681564 0.0953125 0.030167597765363128
8 0.67734375 0.33519553072625696 0.3015625 0.0111731843575419
9 0.62890625 0.3547486033519553 0.2 0.021229050279329607
12 0.76484375 0.4374301675977654 0.4703125 0.10391061452513967
5 0.76328125 0.71731843575419 0.4734375 0.42681564245810055
4 0.76328125 0.9698324022346368 0.4734375 0.060335195530726256