4 0.28984375 0.11620111731843576 0.3359375 0.2324022346368715
5 0.2796875 0.3335195530726257 0.34375 0.11284916201117319
12 0.0328125 0.14972067039106146 0.065625 0.18994413407821228
4 0.734375 0.11508379888268157 0.25 0.23016759776536314
5 0.5125 0.11620111731843576 0.0875 0.2324022346368715
13 0.60546875 0.2927374301675978 0.2734375 0.09385474860335195
9 0.5734375 0.40614525139664803 0.209375 0.03240223463687151
5 0.5890625 0.711173184357542 0.240625 0.5776536312849162
12 0.8859375 0.5184357541899441 0.228125 0.19217877094972066
6 0.8875 0.6715083798882682 0.225 0.09832402234636871
4 0.88046875 0.8324022346368715 0.2390625 0.21899441340782122
1 0.88203125 0.9737430167597766 0.2359375 0.05251396648044693
11 0.98359375 0.48547486033519555 0.0328125 0.10614525139664804