4 0.1421875 0.23128491620111732 0.234375 0.29720670391061454
7 0.140625 0.49050279329608937 0.2375 0.15865921787709497
5 0.78203125 0.2620111731843575 0.4359375 0.35195530726256985
13 0.78515625 0.5251396648044693 0.4296875 0.0893854748603352
3 0.34609375 0.23910614525139665 0.1734375 0.17430167597765364
4 0.309375 0.46256983240223465 0.1 0.1787709497206704
11 0.34140625 0.044134078212290505 0.1640625 0.08826815642458101
12 0.1296875 0.6754189944134078 0.259375 0.17541899441340783
5 0.1296875 0.8983240223463688 0.259375 0.20335195530726258
4 0.675 0.646927374301676 0.390625 0.11843575418994413
13 0.68984375 0.8346368715083798 0.4203125 0.17541899441340783
6 0.68984375 0.9810055865921787 0.4109375 0.03798882681564246
3 0.3328125 0.8519553072625698 0.146875 0.29608938547486036
12 0.34296875 0.6229050279329609 0.1671875 0.10614525139664804