3 0.2578125 0.2536312849162011 0.140625 0.07150837988826815
7 0.41015625 0.21675977653631284 0.1671875 0.1452513966480447
13 0.09765625 0.21787709497206703 0.1515625 0.1430167597765363
4 0.58671875 0.14469273743016758 0.1640625 0.28938547486033517
3 0.79375 0.027932960893854747 0.25 0.055865921787709494
13 0.80390625 0.19441340782122904 0.2703125 0.18994413407821228
8 0.47109375 0.33910614525139665 0.2328125 0.035754189944134075
12 0.5125 0.40670391061452515 0.3125 0.04692737430167598
5 0.51171875 0.6089385474860335 0.3140625 0.2748603351955307
4 0.51328125 0.8793296089385475 0.3109375 0.24134078212290502
3 0.20078125 0.5793296089385475 0.13125 0.22681564245810057
13 0.2140625 0.8217877094972067 0.15625 0.19664804469273742
9 0.446875 0.364804469273743 0.1796875 0.034636871508379886
11 0.2171875 0.37988826815642457 0.128125 0.1463687150837989