12 0.0953125 0.03407821229050279 0.190625 0.06815642458100558
13 0.3796875 0.07877094972067039 0.20625 0.15754189944134078
7 0.3765625 0.25642458100558657 0.21875 0.1664804469273743
11 0.09140625 0.2446927374301676 0.1828125 0.18994413407821228
8 0.0546875 0.4 0.109375 0.02905027932960894
5 0.34765625 0.49329608938547487 0.2828125 0.22681564245810057
4 0.34765625 0.7513966480446927 0.2828125 0.2245810055865922
3 0.303125 0.9491620111731843 0.196875 0.10167597765363129
3 0.05625 0.6307262569832403 0.1125 0.16871508379888267
13 0.059375 0.8480446927374302 0.11875 0.13631284916201117
9 0.04453125 0.43072625698324024 0.0890625 0.02569832402234637
3 0.78828125 0.4229050279329609 0.3328125 0.10726256983240223
13 0.78828125 0.7284916201117319 0.3421875 0.4759776536312849
11 0.878125 0.3687150837988827 0.24375 0.05810055865921788