9 0.34609375 0.0329608938547486 0.1953125 0.035754189944134075
5 0.61796875 0.09441340782122905 0.1421875 0.1888268156424581
4 0.0671875 0.07094972067039106 0.134375 0.1418994413407821
11 0.34375 0.19664804469273742 0.309375 0.1452513966480447
3 0.8828125 0.1329608938547486 0.228125 0.1553072625698324
13 0.88359375 0.24804469273743016 0.2328125 0.042458100558659215
8 0.440625 0.3089385474860335 0.496875 0.03240223463687151
9 0.4484375 0.3418994413407821 0.2375 0.01452513966480447
12 0.17109375 0.45139664804469276 0.2703125 0.09162011173184358
5 0.515625 0.5201117318435754 0.346875 0.23798882681564246
4 0.515625 0.7743016759776536 0.346875 0.19888268156424582
6 0.43046875 0.9581005586592178 0.1703125 0.08379888268156424
13 0.1546875 0.6620111731843575 0.2328125 0.12513966480446928
3 0.1671875 0.9167597765363128 0.26875 0.11731843575418995
3 0.83984375 0.2994413407821229 0.3015625 0.060335195530726256
4 0.8328125 0.38100558659217876 0.2875 0.0670391061452514
5 0.84453125 0.5212290502793296 0.3109375 0.17988826815642459
5 0.84453125 0.7212290502793296 0.3109375 0.1888268156424581
6 0.83828125 0.8770949720670391 0.2984375 0.0893854748603352