5 0.52734375 0.05139664804469274 0.2609375 0.10279329608938548
4 0.5203125 0.3206703910614525 0.265625 0.33743016759776534
8 0.14765625 0.16368715083798882 0.2640625 0.041340782122905026
9 0.153125 0.20335195530726258 0.1765625 0.026815642458100558
3 0.15703125 0.3424581005586592 0.246875 0.16312849162011173
4 0.8421875 0.1005586592178771 0.315625 0.16089385474860335
5 0.8421875 0.25754189944134076 0.315625 0.11955307262569832
1 0.840625 0.3715083798882682 0.31875 0.07486033519553073
10 0.84375 0.4569832402234637 0.3125 0.06480446927374302
5 0.33984375 0.8513966480446927 0.6796875 0.27039106145251396
13 0.33984375 0.646927374301676 0.6796875 0.11396648044692738
12 0.321875 0.5664804469273743 0.64375 0.04022346368715084
3 0.30390625 0.4949720670391061 0.6078125 0.0111731843575419
3 0.82734375 0.6737430167597765 0.2953125 0.2435754189944134
1 0.78984375 0.8921787709497206 0.2203125 0.15977653631284916