8 0.31796875 0.04636871508379888 0.196875 0.0335195530726257
9 0.32734375 0.06815642458100558 0.225 0.027932960893854747
3 0.85 0.07709497206703911 0.2359375 0.11396648044692738
4 0.25625 0.28268156424581004 0.4484375 0.23575418994413408
13 0.71796875 0.23184357541899442 0.4140625 0.1329608938547486
10 0.73359375 0.388268156424581 0.4421875 0.14972067039106146
5 0.24921875 0.6815642458100558 0.4453125 0.4983240223463687
1 0.6390625 0.5983240223463687 0.2578125 0.2335195530726257
7 0.69140625 0.7960893854748603 0.340625 0.12067039106145251
6 0.68125 0.9089385474860335 0.3203125 0.07709497206703911
11 0.12265625 0.08156424581005586 0.16875 0.12067039106145251