3 0.10234375 0.05251396648044693 0.2046875 0.10279329608938548
11 0.31640625 0.045251396648044694 0.0265625 0.09050279329608939
7 0.16484375 0.593854748603352 0.3296875 0.05027932960893855
4 0.16484375 0.3128491620111732 0.3296875 0.11620111731843576
13 0.16484375 0.17597765363128492 0.3296875 0.09944134078212291
5 0.16484375 0.46145251396648046 0.3296875 0.15865921787709497
3 0.85234375 0.06089385474860335 0.2953125 0.1217877094972067
12 0.66484375 0.2005586592178771 0.6703125 0.10614525139664804
5 0.66484375 0.34301675977653634 0.6703125 0.18100558659217877
4 0.66484375 0.5268156424581005 0.6703125 0.1664804469273743
4 0.11953125 0.7027932960893855 0.2390625 0.13631284916201117
7 0.16484375 0.8346368715083798 0.3296875 0.10949720670391061
13 0.16484375 0.9497206703910615 0.3296875 0.1005586592178771
4 0.5734375 0.7553072625698324 0.4484375 0.21787709497206703
13 0.53203125 0.9413407821229051 0.346875 0.09385474860335195