8 0.4546875 0.08435754189944134 0.128125 0.1441340782122905
9 0.453125 0.18379888268156425 0.13125 0.034636871508379886
4 0.425 0.3743016759776536 0.1875 0.18100558659217877
12 0.20625 0.3329608938547486 0.1578125 0.09162011173184358
13 0.17265625 0.4547486033519553 0.0921875 0.10949720670391061
11 0.2328125 0.12681564245810056 0.2875 0.2536312849162011
12 0.73125 0.0659217877094972 0.41875 0.1318435754189944
6 0.73359375 0.41675977653631285 0.4203125 0.18547486033519553
13 0.7140625 0.23128491620111732 0.3828125 0.16759776536312848
5 0.04296875 0.906145251396648 0.0859375 0.05810055865921788
12 0.75859375 0.5659217877094972 0.4796875 0.11284916201117319
5 0.73046875 0.8251396648044693 0.4234375 0.34972067039106147