12 0.27109375 0.08603351955307263 0.4859375 0.07039106145251396
3 0.246875 0.19162011173184357 0.446875 0.06368715083798883
5 0.26640625 0.38491620111731845 0.5328125 0.2022346368715084
9 0.20703125 0.0223463687150838 0.359375 0.03240223463687151
8 0.621875 0.08324022346368715 0.14375 0.030167597765363128
1 0.64375 0.21452513966480447 0.1875 0.16312849162011173
13 0.64375 0.3871508379888268 0.1875 0.15977653631284916
4 0.9234375 0.11620111731843576 0.153125 0.2324022346368715
5 0.9234375 0.3770949720670391 0.153125 0.2558659217877095
3 0.61015625 0.5162011173184358 0.1203125 0.0670391061452514
9 0.6046875 0.10949720670391061 0.109375 0.017877094972067038
12 0.275 0.6022346368715084 0.55 0.04692737430167598
13 0.275 0.6994413407821229 0.55 0.09162011173184358
4 0.275 0.8240223463687151 0.55 0.13519553072625698
5 0.275 0.9491620111731843 0.55 0.10167597765363129