3 0.31875 0.3743016759776536 0.121875 0.035754189944134075
4 0.30859375 0.48268156424581005 0.1421875 0.1340782122905028
11 0.3265625 0.18044692737430168 0.10625 0.25139664804469275
8 0.52109375 0.06983240223463687 0.2828125 0.034636871508379886
3 0.5203125 0.13798882681564245 0.28125 0.05251396648044693
4 0.4359375 0.3324022346368715 0.1125 0.2
13 0.75390625 0.34022346368715084 0.403125 0.21787709497206703
9 0.525 0.09944134078212291 0.290625 0.0223463687150838
5 0.18984375 0.711173184357542 0.3796875 0.3229050279329609
4 0.68984375 0.6027932960893855 0.6203125 0.10614525139664804
5 0.68984375 0.7927374301675978 0.6203125 0.2558659217877095
13 0.68984375 0.9620111731843576 0.6203125 0.07597765363128492