5 0.309375 0.1547486033519553 0.359375 0.3094972067039106
13 0.56015625 0.08379888268156424 0.1421875 0.16759776536312848
7 0.5453125 0.2324022346368715 0.1125 0.12067039106145251
10 0.8265625 0.09329608938547486 0.346875 0.18659217877094972
4 0.83046875 0.2553072625698324 0.3390625 0.10837988826815642
4 0.25859375 0.6206703910614525 0.4609375 0.23575418994413408
5 0.25625 0.8759776536312849 0.465625 0.24804469273743016
3 0.0828125 0.3558659217877095 0.103125 0.09273743016759776
5 0.78828125 0.5508379888268157 0.4234375 0.48268156424581005
1 0.7875 0.8592178770949721 0.425 0.09162011173184358
13 0.71484375 0.9726256983240223 0.284375 0.05027932960893855