8 0.5984375 0.1569832402234637 0.2625 0.030167597765363128
9 0.559375 0.19162011173184357 0.184375 0.0223463687150838
12 0.61015625 0.2787709497206704 0.2859375 0.10167597765363129
4 0.5984375 0.4871508379888268 0.315625 0.19888268156424582
5 0.6015625 0.7206703910614525 0.309375 0.15083798882681565
3 0.31015625 0.32513966480446926 0.1578125 0.12402234636871508
13 0.31328125 0.46368715083798884 0.165625 0.11173184357541899
7 0.31640625 0.5932960893854748 0.165625 0.08603351955307263
13 0.31640625 0.7011173184357542 0.159375 0.07709497206703911
6 0.3171875 0.8011173184357542 0.1609375 0.07039106145251396
11 0.3140625 0.18100558659217877 0.1609375 0.1664804469273743