8 0.599112426035503 0.15680473372781065 0.26331360946745563 0.029585798816568046
9 0.5591715976331361 0.19230769230769232 0.1834319526627219 0.023668639053254437
12 0.6094674556213018 0.2781065088757396 0.28402366863905326 0.10059171597633136
4 0.5976331360946746 0.48668639053254437 0.3136094674556213 0.19822485207100593
5 0.6020710059171598 0.7204142011834319 0.3106508875739645 0.15088757396449703
3 0.3106508875739645 0.3254437869822485 0.15976331360946747 0.1242603550295858
13 0.3136094674556213 0.46449704142011833 0.16568047337278108 0.11242603550295859
7 0.3165680473372781 0.5931952662721893 0.16568047337278108 0.08579881656804733
13 0.3165680473372781 0.7011834319526628 0.15976331360946747 0.07692307692307693
6 0.3165680473372781 0.8017751479289941 0.15976331360946747 0.07100591715976332
11 0.3136094674556213 0.1804733727810651 0.15976331360946747 0.16568047337278108