8 0.18515625 0.06927374301675977 0.3703125 0.049162011173184354
3 0.1953125 0.14078212290502792 0.390625 0.0670391061452514
12 0.18046875 0.28044692737430166 0.3609375 0.08715083798882682
5 0.18671875 0.40502793296089384 0.3734375 0.12849162011173185
13 0.78671875 0.12513966480446928 0.4265625 0.25027932960893856
10 0.771875 0.3223463687150838 0.3859375 0.1005586592178771
1 0.70703125 0.4134078212290503 0.2515625 0.048044692737430165
7 0.72109375 0.45865921787709496 0.2828125 0.021229050279329607
4 0.49140625 0.11899441340782123 0.1234375 0.23798882681564246
8 0.56796875 0.4910614525139665 0.2765625 0.041340782122905026
9 0.56796875 0.523463687150838 0.2765625 0.01675977653631285
12 0.68359375 0.664804469273743 0.5078125 0.11173184357541899
4 0.61796875 0.8564245810055866 0.3765625 0.2
11 0.8765625 0.523463687150838 0.184375 0.10837988826815642