4 0.34296875 0.01675977653631285 0.2453125 0.0335195530726257
5 0.24453125 0.25139664804469275 0.4890625 0.30614525139664805
3 0.24453125 0.47374301675977654 0.4890625 0.07150837988826815
5 0.884375 0.11564245810055866 0.23125 0.23128491620111732
10 0.8765625 0.37597765363128494 0.246875 0.2670391061452514
13 0.596875 0.12569832402234637 0.215625 0.25139664804469275
2 0.5875 0.2916201117318436 0.196875 0.060335195530726256
1 0.6 0.3905027932960894 0.221875 0.11731843575418995
7 0.5828125 0.48547486033519555 0.1875 0.048044692737430165
8 0.74453125 0.541340782122905 0.5109375 0.06368715083798883
5 0.71875 0.7983240223463687 0.35625 0.4033519553072626