3 0.0453125 0.24525139664804468 0.090625 0.14860335195530727
13 0.26484375 0.4229050279329609 0.5296875 0.09944134078212291
11 0.3609375 0.164804469273743 0.3375 0.329608938547486
5 0.76484375 0.07206703910614524 0.4703125 0.1441340782122905
4 0.7359375 0.23072625698324023 0.4125 0.1463687150837989
7 0.62421875 0.4173184357541899 0.1890625 0.1776536312849162
4 0.484375 0.8709497206703911 0.090625 0.20893854748603352
11 0.42734375 0.611731843575419 0.1703125 0.12290502793296089
8 0.415625 0.7 0.228125 0.030167597765363128
3 0.31953125 0.7329608938547486 0.4203125 0.024581005586592177
5 0.2046875 0.88268156424581 0.409375 0.2346368715083799
3 0.84453125 0.6011173184357542 0.2734375 0.1329608938547486
9 0.6625 0.7810055865921788 0.265625 0.08491620111731843
5 0.76484375 0.924022346368715 0.4703125 0.15195530726256984
11 0.603125 0.6212290502793296 0.146875 0.18324022346368715