5 0.2453125 0.05698324022346369 0.490625 0.11396648044692738
4 0.24375 0.19664804469273742 0.4875 0.14078212290502792
13 0.23515625 0.32625698324022345 0.4703125 0.08715083798882682
5 0.32265625 0.42681564245810055 0.4734375 0.11396648044692738
4 0.321875 0.6340782122905028 0.475 0.293854748603352
13 0.19140625 0.8480446927374302 0.2015625 0.13519553072625698
7 0.459375 0.8273743016759777 0.2 0.09497206703910614
6 0.2140625 0.9474860335195531 0.246875 0.04692737430167598
1 0.0375 0.8273743016759777 0.075 0.24692737430167597
13 0.03671875 0.593854748603352 0.0734375 0.17318435754189945
8 0.7796875 0.38379888268156426 0.440625 0.027932960893854747
12 0.7796875 0.441340782122905 0.440625 0.04692737430167598
3 0.7796875 0.5256983240223464 0.440625 0.08156424581005586
13 0.9203125 0.6508379888268156 0.159375 0.15307262569832403
13 0.9265625 0.8307262569832402 0.146875 0.17318435754189945
4 0.65546875 0.6513966480446928 0.1921875 0.15195530726256984
10 0.6765625 0.8642458100558659 0.234375 0.23798882681564246
9 0.7796875 0.40782122905027934 0.440625 0.026815642458100558