7 0.2 0.44860335195530726 0.4 0.041340782122905026
5 0.2 0.3346368715083799 0.4 0.15307262569832403
4 0.2 0.1972067039106145 0.4 0.09273743016759776
13 0.2 0.06871508379888268 0.4 0.13743016759776536
9 0.79609375 0.0111731843575419 0.2578125 0.0223463687150838
12 0.70625 0.09162011173184358 0.5875 0.04692737430167598
13 0.70234375 0.1888268156424581 0.5953125 0.09162011173184358
4 0.70234375 0.31340782122905025 0.5953125 0.13519553072625698
11 0.51953125 0.015083798882681564 0.1953125 0.030167597765363128
5 0.8046875 0.524022346368715 0.390625 0.10949720670391061
4 0.80859375 0.6944134078212291 0.3828125 0.23128491620111732
13 0.4640625 0.6826815642458101 0.128125 0.20335195530726258
6 0.45078125 0.9005586592178771 0.1015625 0.15865921787709497