5 0.25 0.3435754189944134 0.5 0.13519553072625698
4 0.25 0.21508379888268156 0.5 0.08826815642458101
13 0.25 0.10446927374301676 0.5 0.13072625698324022
4 0.75 0.19273743016759776 0.5 0.1106145251396648
5 0.75 0.056424581005586595 0.5 0.11284916201117319
13 0.75 0.32625698324022345 0.5 0.14078212290502792
3 0.1703125 0.4893854748603352 0.340625 0.12067039106145251
12 0.25 0.6407821229050279 0.5 0.10391061452513967
4 0.25 0.8134078212290503 0.5 0.18324022346368715
7 0.0734375 0.9681564245810056 0.146875 0.06368715083798883
5 0.75 0.5189944134078213 0.5 0.12849162011173185
4 0.75 0.6519553072625698 0.5 0.09720670391061452
0 0.75 0.9446927374301676 0.5 0.05027932960893855
13 0.5359375 0.7754189944134078 0.071875 0.07150837988826815
7 0.709375 0.7659217877094973 0.1375 0.06368715083798883
6 0.9359375 0.7743016759776536 0.128125 0.08491620111731843
10 0.75 0.8715083798882681 0.5 0.0670391061452514