5 0.25 0.3217877094972067 0.5 0.2435754189944134
12 0.25 0.15195530726256984 0.5 0.053631284916201116
5 0.83046875 0.33016759776536314 0.3390625 0.31843575418994413
11 0.57734375 0.12793296089385475 0.1546875 0.24022346368715083
3 0.540625 0.3452513966480447 0.08125 0.06256983240223464
8 0.86484375 0.0776536312849162 0.2703125 0.08156424581005586
13 0.565625 0.4329608938547486 0.13125 0.09497206703910614
8 0.3546875 0.5094972067039106 0.290625 0.04022346368715084
4 0.359375 0.6782122905027933 0.28125 0.22793296089385476
9 0.31640625 0.5469273743016759 0.225 0.026815642458100558
12 0.06796875 0.7016759776536313 0.1359375 0.18324022346368715
3 0.078125 0.8782122905027933 0.15625 0.14078212290502792
5 0.35859375 0.8726256983240224 0.2828125 0.17206703910614526
11 0.065625 0.5435754189944134 0.13125 0.10837988826815642