8 0.46484375 0.0776536312849162 0.0703125 0.10614525139664804
9 0.46796875 0.15865921787709497 0.0640625 0.03128491620111732
11 0.11640625 0.1888268156424581 0.2328125 0.3642458100558659
8 0.7265625 0.024022346368715083 0.4453125 0.04692737430167598
9 0.62109375 0.049720670391061456 0.2359375 0.027932960893854747
12 0.753125 0.08100558659217877 0.49375 0.04581005586592179
3 0.58671875 0.15418994413407822 0.1734375 0.05139664804469274
3 0.915625 0.15027932960893856 0.16875 0.05251396648044693
4 0.68203125 0.31452513966480444 0.3640625 0.24916201117318434
13 0.94609375 0.32011173184357544 0.1078125 0.2581005586592179
5 0.75 0.5804469273743017 0.5 0.26256983240223464
4 0.75 0.7849162011173184 0.5 0.13743016759776536
1 0.6359375 0.9162011173184358 0.271875 0.10279329608938548